City,County,Latitude,Longitude,Tempurature,Humidity,Cloudiness,Wind Speed
Hilo,US,19.7297,-155.09,18.77,68,90,1.54
Mar del Plata,AR,-38.0023,-57.5575,20.17,64,40,8.23
Chokurdakh,RU,70.6333,147.9167,-24.08,88,13,1.96
Berëzovka,BY,53.7214,25.4993,-11.72,96,93,2.74
Lompoc,US,34.6391,-120.4579,10.71,76,90,1.0
Ushuaia,AR,-54.8,-68.3,17.0,59,20,3.09
Saint Paul Harbor,US,57.79,-152.4072,-1.0,80,90,2.0
Kapaa,US,22.0752,-159.319,18.94,68,90,4.63
Aragarças,BR,-15.8975,-52.2508,30.0,58,40,2.06
Bredasdorp,ZA,-34.5322,20.0403,22.22,77,0,2.49
Ancud,CL,-41.8697,-73.8203,26.25,41,0,4.12
Cayenne,GF,4.9333,-52.3333,29.0,65,75,5.66
Kaitangata,NZ,-46.2817,169.8464,11.11,92,99,1.79
Canillo,AD,42.5833,1.6667,3.78,89,98,4.16
Fortuna,US,40.5982,-124.1573,7.45,100,20,2.06
Pevek,RU,69.7008,170.3133,-19.08,73,1,1.98
Weligama,LK,5.9667,80.4167,24.66,82,82,2.17
Tessalit,ML,20.1986,1.0114,25.43,14,5,4.7
Mae Hong Son,TH,19.3003,97.9685,15.53,62,30,0.98
Glens Falls,US,43.3095,-73.644,-4.55,86,100,1.23
Cherskiy,RU,68.75,161.3,-18.9,84,0,1.53
Tanete,ID,-3.9443,119.7848,24.59,89,92,1.35
Bluff,NZ,-46.6,168.3333,10.96,86,87,5.21
Albany,US,42.6001,-73.9662,-3.37,86,100,0.71
Vaini,TO,-21.2,-175.2,27.0,89,90,9.77
Mataura,NZ,-46.1927,168.8643,8.86,96,97,2.39
Gorontalo,ID,0.5412,123.0595,24.69,88,100,1.55
Dikson,RU,73.5069,80.5464,-33.6,87,97,4.22
Saskylakh,RU,71.9167,114.0833,-31.13,81,0,3.69
Le Port,RE,-20.9373,55.2919,22.11,83,90,6.69
Rapid Valley,US,44.0625,-103.1463,-17.87,65,1,2.57
Cabo San Lucas,MX,22.8909,-109.9124,22.06,52,1,1.54
Warri,NG,5.5167,5.75,28.59,71,65,3.84
Arrondissement de Mende,FR,44.6667,3.5,1.5,100,100,2.48
Valentín Gómez Farías,MX,28.2167,-106.5833,21.11,20,44,2.68
Oyama,JP,36.3,139.8,4.2,40,20,2.57
Aklavik,CA,68.2191,-135.0107,-40.42,67,1,1.03
Thompson,CA,55.7435,-97.8558,-32.0,62,20,3.6
Hithadhoo,MV,-0.6,73.0833,28.14,79,63,4.61
Mucurici,BR,-18.0933,-40.5158,26.03,75,97,5.61
Arraial do Cabo,BR,-22.9661,-42.0278,26.0,69,75,6.17
Tilichiki,RU,60.4667,166.1,-8.43,94,100,5.39
Qaanaaq,GL,77.484,-69.3632,-7.9,73,9,1.95
Viedma,AR,-40.8135,-62.9967,27.22,36,91,1.79
Gravdal,NO,68.1214,13.5031,-9.0,86,20,1.03
Shingū,JP,33.7333,135.9833,2.49,82,5,2.55
Honningsvåg,NO,70.9821,25.9704,-5.0,93,90,13.89
Busselton,AU,-33.65,115.3333,14.3,69,41,2.33
Rikitea,PF,-23.1203,-134.9692,25.69,71,51,3.05
Māngrol,IN,21.1167,70.1167,21.64,47,87,4.91
Kaputa,ZM,-8.4689,29.6619,21.73,82,100,1.16
Taguatinga,BR,-12.3857,-46.5711,29.06,65,39,1.48
Kalengwa,ZM,-13.4659,25.0027,20.65,91,89,1.09
Vao,NC,-22.6667,167.4833,25.78,81,12,3.87
Khatanga,RU,71.9667,102.5,-29.46,84,0,4.04
Pontal do Paraná,BR,-25.6533,-48.5128,26.22,64,75,4.12
Konstantinovka,RU,49.6167,127.9833,-16.93,90,10,1.29
Hedaru,TZ,-4.5,37.9,22.99,82,84,2.57
Longyearbyen,SJ,78.2186,15.6401,-10.0,73,75,2.57
Shiyan,CN,32.6475,110.7781,7.55,58,100,0.83
Yerbogachën,RU,61.2767,108.0108,-3.12,97,100,3.9
Barrow,US,71.2906,-156.7887,-34.0,85,1,6.17
Provideniya,RU,64.3833,-173.3,-20.5,78,12,6.27
Cidreira,BR,-30.1811,-50.2056,25.45,73,0,6.72
Souillac,MU,-20.5167,57.5167,27.0,69,40,3.09
Kruisfontein,ZA,-34.0033,24.7314,21.67,82,0,0.45
Esperance,AU,-33.8667,121.9,16.0,72,0,3.09
Kabugao,PH,18.0217,121.1842,20.69,88,100,1.07
Kandalaksha,RU,67.162,32.4123,-16.98,92,31,1.73
Rio do Sul,BR,-27.2142,-49.6431,31.67,44,23,1.34
Labuhan,ID,-6.8844,112.2051,25.66,86,100,4.29
Bambous Virieux,MU,-20.3428,57.7575,27.1,69,40,3.09
Syamzha,RU,60.0158,41.0614,-22.88,91,86,0.11
Kilindoni,TZ,-7.9139,39.6668,27.22,83,100,8.0
Puerto Escondido,MX,15.85,-97.0667,30.0,74,20,3.6
Narsaq,GL,60.9167,-46.05,2.0,30,75,15.43
Ponta do Sol,PT,32.6667,-17.1,15.1,68,94,1.34
Solano,US,38.2333,-121.9511,13.88,76,20,5.66
Norman Wells,CA,65.282,-126.8329,-43.0,66,20,1.03
Castro,BR,-24.7911,-50.0119,24.35,48,24,1.16
Xinpu,CN,34.5997,119.1594,2.63,82,72,1.99
Hermanus,ZA,-34.4187,19.2345,22.22,77,0,3.51
Zhaotong,CN,27.3167,103.7167,3.71,76,58,1.37
Butaritari,KI,3.0707,172.7902,27.28,81,11,7.36
Wajir,KE,1.7471,40.0573,35.0,28,0,2.57
Menongue,AO,-14.6585,17.691,20.46,85,99,0.81
Kaeo,NZ,-35.1,173.7833,20.56,94,100,4.02
Codrington,AU,-38.2667,141.9667,13.01,92,0,3.95
Atuona,PF,-9.8,-139.0333,26.26,76,12,8.3
New Norfolk,AU,-42.7826,147.0587,8.13,66,66,0.55
Detva,SK,48.5608,19.4195,-0.56,70,100,1.2
Guerrero Negro,MX,27.9769,-114.0611,18.18,57,36,2.84
Jumla,NP,29.2747,82.1838,5.37,60,47,1.67
Bacolod City,PH,10.6667,122.95,24.42,88,100,2.37
Mount Isa,AU,-20.7333,139.5,27.0,83,68,2.06
Cochrane,CA,51.1834,-114.4687,-29.41,75,1,1.54
Tuy Hoa,VN,13.0833,109.3,22.5,92,75,3.99
Saint-Philippe,RE,-21.3585,55.7679,24.47,74,41,9.77
Shellbrook,CA,53.2168,-106.4011,-27.0,58,75,8.23
Punta Arenas,CL,-53.15,-70.9167,18.94,55,0,3.6
Chenzhou,CN,25.8,113.0333,9.1,91,100,1.35
Charters Towers,AU,-20.1,146.2667,23.17,91,35,5.23
Córdoba,AR,-31.4135,-64.1811,20.93,77,75,4.12
Alofi,NU,-19.0595,-169.9187,25.0,100,100,2.57
Chui,UY,-33.6971,-53.4616,23.99,69,1,4.24
Pierre,US,44.3683,-100.351,-16.0,51,1,5.66
Abhā,SA,18.2164,42.5053,12.47,58,40,1.66
Vila Velha,BR,-20.3297,-40.2925,23.02,94,90,2.57
Nynäshamn,SE,58.9034,17.9479,-8.52,52,99,5.99
Manuk Mangkaw,PH,4.8,119.85,27.41,81,0,3.03
Clyde River,CA,70.4692,-68.5914,-16.0,92,20,12.35
Tokur,RU,53.1333,132.9,-28.73,89,83,0.58
Fort Frances,CA,48.5999,-93.4003,-22.86,59,90,4.63
St. George's,GD,12.0564,-61.7485,26.7,68,93,5.99
Te Anau,NZ,-45.4167,167.7167,8.11,90,99,0.82
Srednekolymsk,RU,67.45,153.6833,-27.97,86,0,1.63
Nanortalik,GL,60.1432,-45.2371,0.09,88,100,6.07
Los Llanos de Aridane,ES,28.6585,-17.9182,16.95,64,40,3.05
Kyren,RU,51.6828,102.1408,-6.62,87,94,0.67
Cartagena,CO,10.3997,-75.5144,30.0,74,40,6.17
Fonte Boa,BR,-2.4959,-66.2662,29.19,80,100,1.15
Lufilufi,WS,-13.8745,-171.5986,25.0,94,90,1.54
Port Elizabeth,ZA,-33.918,25.5701,21.67,82,0,0.45
Carutapera,BR,-1.195,-46.02,30.62,60,100,4.52
Inhambane,MZ,-23.865,35.3833,27.88,83,75,3.09
Tiksi,RU,71.6872,128.8694,-26.96,82,43,1.76
Coahuayana Viejo,MX,18.7333,-103.6833,26.0,53,20,2.19
Cajamarca,PE,-7.1638,-78.5003,24.0,38,20,5.14
Okhotsk,RU,59.3833,143.3,-12.64,87,92,9.92
Sabang,ID,5.8933,95.3214,27.82,76,3,4.84
Äänekoski,FI,62.6946,25.818,-10.78,92,90,1.03
Nānākuli,US,21.3906,-158.1547,17.93,72,1,6.57
West Bay,KY,19.3667,-81.4167,28.69,66,40,5.14
Carnarvon,AU,-24.8667,113.6333,24.0,94,0,9.26
Dickson,US,36.077,-87.3878,9.87,71,90,2.57
Cassilândia,BR,-19.1133,-51.7342,28.42,51,29,1.66
Iqaluit,CA,63.7506,-68.5145,-12.11,79,20,2.06
Hobart,AU,-42.8794,147.3294,9.22,76,90,2.57
High Level,CA,58.5169,-117.136,-29.0,69,75,1.03
Nikolskoye,RU,59.7035,30.7861,-15.43,78,98,1.31
Meadow Lake,US,34.8014,-106.5436,12.68,15,75,7.2
Aleksandrovsk-Sakhalinskiy,RU,50.8975,142.1561,-13.52,93,100,3.21
Lavrentiya,RU,65.5833,-171.0,-24.54,82,15,6.06
Port Alfred,ZA,-33.5906,26.891,22.78,87,1,1.18
Pecos,US,31.4229,-103.4932,19.0,16,1,4.12
Bueu,ES,42.3246,-8.785,10.88,81,75,6.69
Bontang,ID,0.1333,117.5,26.39,83,25,1.31
Sestri Levante,IT,44.2732,9.3968,11.62,83,90,4.61
Dingle,PH,10.9995,122.6711,23.02,95,100,1.89
Hofn,IS,64.2539,-15.2082,0.46,91,100,3.84
Pauini,BR,-7.7136,-66.9764,29.12,70,95,1.91
Pervomayskiy,RU,53.2485,40.2871,-15.56,77,100,6.47
Tasiilaq,GL,65.6145,-37.6368,-8.0,57,75,7.2
Riyadh,SA,24.6877,46.7219,16.86,39,0,1.54
Muroto-misakicho,JP,33.2833,134.15,7.95,62,1,2.68
Warmbad,NA,-28.45,18.7333,34.43,12,0,2.74
Strezhevoy,RU,60.7333,77.5889,-24.0,84,40,2.0
Bandarbeyla,SO,9.4942,50.8122,24.3,70,25,10.55
Severo-Kuril'sk,RU,50.6789,156.125,-3.51,92,100,12.39
Constitución,CL,-35.3333,-72.4167,22.08,61,4,3.34
Flin Flon,CA,54.7682,-101.865,-28.0,63,75,6.69
Cape Town,ZA,-33.9258,18.4232,22.19,73,20,12.35
Rundu,NA,-17.9333,19.7667,21.34,88,93,3.06
Tuktoyaktuk,CA,69.4541,-133.0374,-39.0,67,1,3.6
Umluj,SA,25.0213,37.2685,24.88,54,23,5.8
Benguela,AO,-12.5763,13.4055,25.99,74,63,2.79
Jamestown,US,42.097,-79.2353,-4.95,86,90,2.57
Laela,TZ,-8.5667,32.05,16.76,100,100,0.37
Necochea,AR,-38.5473,-58.7368,20.56,60,91,4.92
Bilma,NE,18.6853,12.9164,23.48,16,56,3.12
Fort Nelson,CA,58.8053,-122.7002,-36.0,68,20,2.06
Tiznit Province,MA,29.5833,-9.5,14.73,69,9,4.37
Sitka,US,57.0531,-135.33,-11.0,44,1,5.14
Yar-Sale,RU,66.8333,70.8333,-32.86,84,6,4.14
Kamenka,RU,51.3223,42.7678,-12.78,89,100,4.02
Ribeira Grande,PT,38.5167,-28.7,17.0,94,75,11.83
Wanning,CN,18.8003,110.3967,17.3,91,100,6.69
Russell,US,32.3502,-85.1999,15.91,88,90,1.12
Newport,GB,51.5877,-2.9984,-0.13,72,99,0.45
George Town,MY,5.4112,100.3354,27.89,83,20,1.54
Bagdarin,RU,54.4333,113.6,-13.57,93,100,0.82
San Fernando del Valle de Catamarca,AR,-28.4696,-65.7852,17.55,99,98,0.89
Lima,PE,-12.0432,-77.0282,24.71,69,0,3.6
Praia da Vitória,PT,38.7333,-27.0667,17.18,82,75,9.36
Gizo Government Station,SB,-8.103,156.8419,27.99,76,89,5.21
Dunedin,NZ,-45.8742,170.5036,9.44,91,100,1.34
Urshel'skiy,RU,55.6783,40.2169,-14.07,95,100,3.29
Erenhot,CN,43.6475,111.9767,-8.44,87,0,2.14
Pasinler,TR,39.9803,41.6764,2.0,80,20,4.63
Portland,US,45.5234,-122.6762,2.12,86,75,2.06
Port-Gentil,GA,-0.7193,8.7815,29.0,79,20,3.09
Harper,LR,4.375,-7.7169,28.18,76,45,2.82
Flinders,AU,-34.5833,150.8552,17.33,91,92,0.45
Rudnogorsk,RU,57.2639,103.7519,-11.83,92,100,4.37
Sola,VU,-13.8833,167.55,27.65,72,99,0.93
Tongren,CN,27.7172,109.1853,8.2,89,100,0.2
Berbera,SO,10.4396,45.0143,25.47,58,54,2.83
Port Moresby,PG,-9.4431,147.1797,25.0,94,75,1.54
Port Hardy,CA,50.6996,-127.4199,-0.84,93,75,1.03
Marshall,US,34.3834,-86.3333,14.27,63,90,1.54
Neyshabur,IR,36.2133,58.7958,10.16,48,15,0.65
Charlestown,AU,-32.95,151.6667,18.08,93,13,1.26
Airai,TL,-8.9266,125.4092,16.42,100,100,1.07
Asău,RO,46.4333,26.4,1.96,93,0,1.54
Lagos,NG,6.5833,3.75,31.0,70,20,2.57
Maniitsoq,GL,65.4167,-52.9,-5.37,82,0,1.85
Puerto Ayora,EC,-0.7393,-90.3518,27.13,83,90,5.14
Gao,ML,16.6362,1.637,27.9,12,0,3.79
Kampene,CD,-3.6,26.6667,24.03,69,44,0.11
Katsuura,JP,35.1333,140.3,4.28,42,20,5.66
Nago,JP,26.5881,127.9761,13.65,82,1,3.09
Woodward,US,36.4337,-99.3904,-9.11,92,90,1.54
Plettenberg Bay,ZA,-34.0527,23.3716,19.6,87,9,0.34
Cockburn Town,TC,21.4612,-71.1419,27.0,69,40,7.2
Alihe,CN,50.5667,123.7167,-14.71,91,89,1.58
Kirakira,SB,-10.4544,161.9205,26.41,83,100,2.15
Kolda,SN,12.8833,-14.95,38.2,9,62,2.28
Malanje,AO,-9.5402,16.341,20.25,90,89,2.88
Mahébourg,MU,-20.4081,57.7,27.0,69,40,3.09
Ipixuna,BR,-1.7625,-48.8043,24.0,94,75,2.57
Sivas Province,TR,39.7916,37.0019,3.0,75,0,7.2
Concord,US,37.978,-122.0311,12.71,67,75,0.87
Faanui,PF,-16.4833,-151.75,27.7,73,3,6.62
Tuatapere,NZ,-46.1333,167.6833,10.05,90,94,2.37
Mānsa,IN,29.9833,75.3833,14.84,34,19,2.2
Immokalee,US,26.4187,-81.4173,29.41,54,40,2.06
Lázaro Cárdenas,MX,17.9583,-102.2,27.7,55,3,3.28
Herat Province,AF,34.5,62.0,8.0,49,0,1.62
Grand Gaube,MU,-20.0064,57.6608,27.22,72,29,2.68
Kem',RU,64.9555,34.5793,-17.96,92,0,2.2
Leningradskiy,RU,69.3833,178.4167,-32.18,83,18,4.76
Thabazimbi,ZA,-24.5917,27.4116,22.22,84,54,1.17
Kamyshin,RU,50.0983,45.416,-11.92,96,100,8.63
Ust-Kuyga,RU,70.0167,135.6,-30.07,82,100,2.6
Upernavik,GL,72.7868,-56.1549,-11.69,76,12,0.49
Port Lincoln,AU,-34.7333,135.8667,20.88,60,36,3.63
Ambilobe,MG,-13.2,49.05,24.59,89,100,0.73
Conceição do Araguaia,BR,-8.2578,-49.2647,27.34,83,92,1.74
Chapais,CA,49.7834,-74.8492,-13.0,78,90,3.09
Port-Cartier,CA,50.0334,-66.8654,-10.11,40,20,7.72
Port Hawkesbury,CA,45.6169,-61.3485,-5.58,68,20,10.8
Bilibino,RU,68.0546,166.4372,-21.66,86,0,1.2
Vardø,NO,70.3705,31.1107,-5.0,74,75,9.26
Kutum,SD,14.2,24.6667,16.43,28,34,2.97
Bartlesville,US,36.7473,-95.9808,-7.78,88,73,0.89
Coyhaique,CL,-45.5752,-72.0662,30.0,28,20,3.09
Kokopo,PG,-4.352,152.2633,25.76,84,98,2.29
Lebu,CL,-37.6167,-73.65,20.39,63,0,6.72
Campeche,MX,19.0,-90.5,33.5,37,22,2.25
Saint George,US,37.1041,-113.5841,11.58,34,1,1.54
Avarua,CK,-21.2078,-159.775,26.0,89,20,1.54
Puerto Carreño,CO,6.189,-67.4859,35.86,35,95,5.71
Laguna,US,38.421,-121.4238,13.47,72,75,1.06
Huicungo,PE,-7.2833,-76.8,31.0,70,40,1.54
Kiryat Gat,IL,31.61,34.7642,17.43,40,0,1.06
Ilulissat,GL,69.2167,-51.1,-6.0,49,1,2.57
Viranşehir,TR,37.2353,39.7631,11.61,71,59,2.99
Koutsouras,GR,35.0339,25.9469,16.67,78,0,5.61
Havre-St-Pierre,CA,50.2334,-63.5986,-7.0,53,1,7.72
Caravelas,BR,-17.7125,-39.2481,24.49,87,100,2.64
São Sebastião,BR,-23.76,-45.4097,24.92,66,49,2.21
Adrar,MR,20.5022,-10.0711,23.7,17,0,3.45
Tingo María,PE,-9.2895,-76.0088,29.0,65,75,2.06
Comodoro Rivadavia,AR,-45.8667,-67.5,25.0,57,0,2.57
Sehithwa,BW,-20.4667,22.7167,21.43,88,88,2.37
Thinadhoo,MV,0.5333,72.9333,28.18,79,100,6.48
Sandy Bay,AU,-42.913,147.3532,9.07,76,90,2.57
Bethel,US,41.3712,-73.414,-2.55,86,90,2.06
Sørland,NO,67.667,12.6934,-0.48,85,25,9.99
Tupik,RU,54.4253,119.9327,-18.24,90,0,1.01
Saint-Augustin,CA,51.226,-58.6502,-2.06,96,100,6.98
Hay River,CA,60.8156,-115.7999,-28.0,69,100,10.8
Moose Factory,CA,51.2585,-80.6094,-20.51,54,40,1.54
Bowmore,US,34.9421,-79.3031,16.71,59,75,1.54
Moerai,PF,-22.4333,-151.3333,27.08,69,10,5.01
Salym,RU,60.0625,71.4789,-28.89,87,85,2.34
Pisco,PE,-13.7,-76.2167,22.91,83,20,4.12
Almeria,ES,37.1667,-2.3333,13.51,88,75,11.83
Taltal,CL,-25.4,-70.4833,21.58,63,15,3.41
Mushie,CD,-3.0167,16.9,26.64,69,100,2.31
Saldanha,ZA,-33.0117,17.9442,19.43,82,0,11.53
Bengkulu,ID,-3.8004,102.2655,24.43,89,100,2.01
Bielsk Podlaski,PL,52.7651,23.1865,-7.51,84,100,1.54
Meulaboh,ID,4.1363,96.1285,25.91,82,24,1.44
Torbay,CA,47.6666,-52.7314,-0.04,93,90,16.46
Gribanovskiy,RU,51.4579,41.9764,-12.78,89,100,4.02
Walla Walla,US,46.0646,-118.343,-2.11,68,90,4.63
Labuan,MY,5.2767,115.2417,25.77,94,20,1.54
Ostrovnoy,RU,68.0531,39.5131,-16.39,86,55,2.51
Huilong,CN,31.8111,121.655,6.94,86,95,4.0
Kolomna,RU,55.0794,38.7783,-13.0,85,90,6.0
Salalah,OM,17.0151,54.0924,25.0,65,0,0.7
Hambantota,LK,6.1241,81.1185,24.08,75,52,8.11
Koani,TZ,-6.1333,39.2833,27.0,78,20,5.14
Turinskaya Sloboda,RU,57.6232,64.3858,-23.84,89,100,3.78
Katiola,CI,8.1333,-5.1,35.38,21,18,1.82
Northam,GB,51.0333,-4.2167,0.2,73,100,4.47
Yellowknife,CA,62.456,-114.3525,-26.51,69,90,8.23
Beringovskiy,RU,63.05,179.3167,-21.82,91,99,4.63
Plátanos,GR,37.6667,21.6167,11.04,88,40,6.17
Samarai,PG,-10.6167,150.6667,27.66,75,100,2.77
Kamiiso,JP,41.8167,140.65,-4.51,92,89,5.53
Kasongo-Lunda,CD,-6.4667,16.8167,23.38,89,100,1.22
Karaton,ID,-6.3424,106.1045,26.01,89,75,4.12
Kincardine,GB,56.0667,-3.7167,-1.01,93,75,3.09
Kupang,ID,-10.1667,123.5833,26.6,85,100,4.46
Bubaque,GW,11.2833,-15.8333,28.13,49,23,5.66
Whitehorse,CA,60.7161,-135.0538,-41.0,66,1,0.65
San Patricio,US,28.017,-97.5169,25.31,69,90,3.6
Margate,GB,51.3813,1.3862,0.08,58,100,1.79
Nemuro,JP,43.3236,145.575,-6.31,89,5,9.86
Chul'man,RU,56.8479,124.9104,-16.15,93,98,1.17
Sisimiut,GL,66.9395,-53.6735,-6.56,79,0,2.25
Visby,SE,57.6409,18.296,-6.62,62,40,3.09
Ocampo,MX,21.65,-101.5,20.28,24,0,0.81
Bogorodskoye,RU,56.55,37.8833,-13.68,95,100,3.6
Dicabisagan,PH,17.0818,122.4157,23.19,88,100,5.56
Mazatlán,MX,23.2167,-106.4167,23.1,47,1,1.54
Benghazi,LY,32.1167,20.0667,17.6,59,0,4.25
Geraldton,AU,-28.7667,114.6,18.0,77,1,2.57
Vogar,IS,63.9832,-22.3874,1.0,69,90,5.14
Port Macquarie,AU,-31.4333,152.9167,17.0,100,75,3.6
Shakiso,ET,5.75,38.9167,19.0,49,82,2.98
Aras,ES,42.5617,-2.356,8.0,81,20,2.06
Quatre Cocos,MU,-20.2078,57.7625,26.82,69,40,3.09
Preobrazheniye,RU,42.9019,133.9064,-8.14,91,30,3.52
Sinnamary,GF,5.3833,-52.95,27.36,71,99,5.46
Burnie,AU,-41.0667,145.9167,11.67,69,90,5.84
Owando,CG,-0.4819,15.8999,26.91,63,96,1.78
Bushenyi,UG,-0.5853,30.2114,19.57,48,33,0.37
Port Blair,IN,11.6667,92.75,24.0,70,0,4.35
East London,ZA,-33.0153,27.9116,23.47,68,0,2.49
Skibbereen,IE,51.55,-9.2667,1.0,69,75,9.77
Pasni,PK,25.2631,63.471,24.57,36,91,9.18
Avera,US,33.194,-82.5271,16.6,82,90,3.09
Manicoré,BR,-5.8092,-61.3003,24.28,97,100,1.42
Conde,BR,-7.2597,-34.9075,32.0,58,20,7.2
Vieste,IT,41.8825,16.175,12.0,76,20,5.14
Alta Floresta,BR,-9.8756,-56.0861,30.0,70,40,6.69
Leh,IN,34.1667,77.5833,-6.47,85,97,1.13
Nome,US,64.5011,-165.4064,-18.0,42,1,4.63
Sturgeon Falls,CA,46.3646,-79.9326,-9.26,79,75,5.14
Djibouti,DJ,11.5,42.5,24.0,83,75,1.54
Petropavlovsk-Kamchatskiy,RU,53.0452,158.6483,-4.0,100,90,1.0
Naze,JP,28.3667,129.4833,12.19,67,51,2.95
Camacha,PT,33.0833,-16.3333,18.0,77,20,5.66
Hong Kong,HK,22.2855,114.1577,16.35,80,92,0.89
Drumheller,CA,51.4617,-112.7101,-31.31,69,0,1.03
Hualmay,PE,-11.0964,-77.6139,24.92,67,78,4.78
Mananjary,MG,-21.2167,48.3333,25.87,86,100,3.22
Inírida,CO,3.8653,-67.9239,32.4,56,85,1.83
Lüderitz,NA,-26.6481,15.1594,20.94,71,5,5.26
Uray,RU,60.1247,64.7758,-31.03,86,65,2.72
Nishihara,JP,26.1842,127.7558,14.16,63,75,5.14
Carlisle,US,40.2015,-77.1889,-0.43,74,100,1.62
Sarangani,PH,5.4033,125.4636,27.54,79,100,3.47
Khandyga,RU,62.6667,135.6,-28.56,86,98,0.95
Sambava,MG,-14.2667,50.1667,26.0,83,100,0.7
La Ronge,CA,55.1001,-105.2842,-30.0,57,100,5.66
Kupino,RU,54.3663,77.2981,-22.5,90,100,4.09
Santa Cruz de la Sierra,BO,-17.8,-63.1667,22.0,88,90,7.72
Beloha,MG,-25.1667,45.05,23.1,89,100,1.31
Lagoa,PT,39.05,-27.9833,16.2,89,100,14.82
Uturoa,PF,-16.7333,-151.4333,27.53,74,3,6.79
Mountain Home,US,43.133,-115.6912,2.0,60,90,1.54
Mackenzie,CA,55.2999,-123.1698,-31.0,62,1,2.85
Río Gallegos,AR,-51.6226,-69.2181,24.0,41,40,4.12
Lunenburg,CA,44.3835,-64.3155,-3.01,50,19,7.72
Ixtapa,MX,20.7,-105.2,23.0,60,1,3.09
Soyo,AO,-6.1349,12.3689,25.56,84,100,4.72
Sarkand,KZ,45.41,79.9186,-7.31,94,100,1.54
Kidal,ML,18.4411,1.4078,26.79,14,28,3.25
Ponta Delgada,PT,37.7333,-25.6667,16.34,94,40,7.2
Padang,ID,-0.9492,100.3543,25.0,88,20,1.03
Hervey Bay,AU,-25.2986,152.8535,21.67,72,0,1.34
Kumul,CN,42.8,93.45,2.2,70,91,1.41
Berlevåg,NO,70.8578,29.0864,-6.59,79,40,9.26
Palaia Fokaia,GR,37.72,23.9463,16.64,63,40,4.63
Warrnambool,AU,-38.3833,142.4833,14.44,90,0,0.89
Normandin,CA,48.8333,-72.5321,-18.63,65,93,1.54
Yumen,CN,40.2833,97.2,0.17,76,23,5.38
Champerico,GT,14.3,-91.9167,30.0,62,40,3.09
Pangnirtung,CA,66.1451,-65.7125,-13.0,78,20,2.06
Tura,IN,25.5198,90.2201,15.55,35,0,0.94
Karratha,AU,-20.7377,116.8463,28.47,56,34,6.22
Arrondissement de Bastia,FR,42.6667,9.3333,11.32,82,0,1.54
Gorom-Gorom,BF,14.4439,-0.2361,30.31,11,0,4.09
Grevesmühlen,DE,53.8667,11.1833,-4.77,85,100,0.45
Teabo,MX,20.4,-89.2833,32.95,42,36,3.43
Hov,NO,60.6987,10.3519,-12.22,62,23,1.77
Quryq,KZ,43.2,51.65,8.02,56,100,5.84
Praia,CV,14.9215,-23.5087,22.0,68,75,9.26
Tubualá,PA,9.5167,-79.0333,27.64,43,40,5.14
Perth,AU,-31.9333,115.8333,18.06,82,75,7.72
Nioro,GM,13.35,-15.75,37.07,9,48,3.51
Macia,MZ,-25.0269,33.0989,23.24,90,44,2.42
Oddur,SO,4.1213,43.8894,26.0,30,91,5.52
La Concepción,PA,8.5167,-82.6167,27.44,58,20,4.12
Coquimbo,CL,-29.9533,-71.3436,20.0,68,0,7.72
Saryozek,KZ,44.3583,77.9753,-6.89,97,100,1.55
Esim,GH,4.8699,-2.2405,27.95,78,48,3.74
Buala,SB,-8.145,159.5921,26.24,85,66,4.72
Ugoofaaru,MV,5.6667,73.0,27.71,66,0,2.75
Berdigestyakh,RU,62.0989,126.6992,-28.24,87,98,2.17
Panjakent,TJ,39.4952,67.6093,11.0,66,100,3.09
Kuznechikha,RU,57.2161,42.3348,-17.08,93,100,0.73
Sioux Lookout,CA,50.1001,-91.917,-26.0,64,90,5.66
Sabha,LY,27.0377,14.4283,18.07,26,88,3.31
Bouna,CI,9.2667,-3.0,34.44,11,16,1.99
Aquiraz,BR,-3.9014,-38.3911,30.0,70,40,5.14
Wetter,DE,50.9,8.7167,-10.37,83,78,2.43
Saint Anthony,US,45.0205,-93.218,-14.07,51,1,6.17
São Paulo de Olivença,BR,-3.3783,-68.8725,34.79,46,94,1.61
Pacific Grove,US,36.6177,-121.9166,12.28,76,1,0.74
Asheboro,US,35.7079,-79.8136,13.93,67,40,3.09
Mangai,CD,-4.05,19.5333,26.23,68,98,0.53
Walvis Bay,NA,-22.9575,14.5053,19.49,77,25,4.12
Lorengau,PG,-2.0226,147.2712,27.7,77,83,2.14
Mount Gambier,AU,-37.8333,140.7667,12.0,94,0,2.03
Barcelos,PT,41.5388,-8.6151,10.98,82,75,7.2
Temuco,CL,-38.7333,-72.6,30.0,42,0,4.63
Al Bardīyah,LY,31.7561,25.0865,16.48,52,0,1.0
Isangel,VU,-19.55,169.2667,25.25,72,0,3.33
Uyuni,BO,-20.4597,-66.825,18.07,27,61,7.71
Rome,US,43.2128,-75.4557,-4.41,86,90,1.52
Gladstone,AU,-23.85,151.25,23.0,64,90,3.6
Shurugwi,ZW,-19.6702,30.0059,17.35,91,89,3.07
Hasaki,JP,35.7333,140.8333,-0.27,55,20,1.54
Henties Bay,NA,-22.116,14.2845,20.0,86,12,2.76
Aripuanã,BR,-9.1667,-60.6333,28.61,72,96,2.5
Malindi,KE,-3.2175,40.1191,27.0,69,20,6.17
São Filipe,CV,14.8961,-24.4956,21.86,75,78,4.63
Katherine,AU,-14.4667,132.2667,25.0,88,40,2.06
Lata,PT,40.1629,-8.3327,13.17,87,42,1.34
Kavaratti,IN,10.5669,72.642,27.46,67,1,4.88
Bay Roberts,CA,47.5999,-53.2648,-0.11,86,100,6.26
Pushkinskiye Gory,RU,57.0209,28.9103,-11.17,96,100,3.79
Sittwe,MM,20.15,92.9,20.1,53,0,3.63
Isiolo,KE,0.3546,37.5822,22.13,64,86,2.3
Ol'ga,RU,43.7444,135.2892,-12.5,91,0,3.1
Kabalo,CD,-6.05,26.9167,23.6,85,96,0.9
Wagga Wagga,AU,-35.1167,147.3667,16.37,77,0,2.57
Tamworth,GB,52.634,-1.6959,-1.76,86,99,3.13
Palma de Mallorca,ES,39.5694,2.6502,13.8,88,20,5.66
Lakes Entrance,AU,-37.8811,147.981,15.31,78,78,5.12
Banjar,ID,-8.19,114.9675,26.0,89,75,2.57
Santa Cruz de La Palma,ES,28.6835,-17.7642,17.64,64,40,1.41
Watertown,US,42.3709,-71.1828,-2.94,86,90,1.36
Kabompo,ZM,-13.5927,24.2008,20.8,91,99,1.29
Wanlaweyn,SO,2.6185,44.8938,24.8,68,47,9.5
Talnakh,RU,69.4865,88.3972,-24.94,88,40,1.86
Itacoatiara,BR,-3.1431,-58.4442,28.34,82,100,1.86
Parnamirim,BR,-5.9156,-35.2628,31.38,58,20,7.2
Birao,CF,10.2849,22.7882,23.46,19,64,1.97
Elko,US,41.0002,-115.5012,5.93,34,90,4.12
General Roca,AR,-39.0333,-67.5833,29.0,32,0,5.14
Namatanai,PG,-3.6667,152.4333,25.94,86,100,2.77
Burē,ET,10.7,37.0667,17.17,30,70,3.45
Cañita,PA,9.2097,-78.8811,28.63,43,40,5.14
Tucumã,BR,-0.1833,-50.05,27.72,79,87,3.68
Roebourne,AU,-20.7833,117.1333,28.57,55,44,6.16
Ruwi,OM,23.5996,58.5507,22.0,78,0,2.06
Ayan,RU,56.45,138.1667,-13.95,90,100,5.79
Kédougou,SN,12.5579,-12.1743,37.69,10,14,2.76
Qasigiannguit,GL,68.8193,-51.1922,-6.0,49,1,2.57
Białystok,PL,53.1333,23.15,-8.89,84,100,2.25
Salinópolis,BR,-0.6136,-47.3561,27.17,85,100,4.57
Olinda,BR,-8.0089,-34.8553,28.0,61,20,6.17
Yenagoa,NG,4.9247,6.2642,27.48,79,89,3.23
Aracati,BR,-4.5617,-37.7697,31.75,50,59,4.87
Macapá,BR,0.0389,-51.0664,33.0,66,75,5.14
Mitsamiouli,KM,-11.3847,43.2844,28.19,77,91,6.69
Haverfordwest,GB,51.8017,-4.9691,2.22,64,74,13.86
Paamiut,GL,61.994,-49.6678,0.87,85,100,2.26
Kuytun,RU,54.3419,101.5036,-8.22,93,100,2.72
Nybro,SE,56.7446,15.9071,-4.29,68,75,6.17
Kamaishi,JP,39.2667,141.8833,-2.45,85,1,4.42
Aberdeen,GB,57.1437,-2.0981,-2.22,86,75,3.09
Tanout,NE,14.9709,8.8879,25.06,14,0,4.97
Severnyy,RU,50.677,36.5532,-7.0,93,90,3.0
Mehamn,NO,71.0357,27.8492,-5.0,58,20,9.77
Preeceville,CA,51.95,-102.6677,-27.45,84,100,7.13
Mizdah,LY,31.4451,12.9801,15.96,31,0,2.4
Ambovombe,MG,-25.1667,46.0833,23.89,86,100,5.98
Pointe Michel,DM,15.25,-61.3833,27.0,74,75,2.57
Santa Maria,BR,-29.6842,-53.8069,29.24,46,99,2.14
Srandakan,ID,-7.9386,110.2506,24.99,86,100,2.35
Harboøre,DK,56.6175,8.1807,-5.0,78,100,2.24
Sarakhs,IR,36.5449,61.1577,17.0,39,0,4.19
Eureka,US,40.8021,-124.1637,9.13,88,99,0.5
Madison,US,34.7334,-86.5667,13.79,72,90,3.09
São João da Barra,BR,-21.6403,-41.0511,24.0,83,75,5.14
Benjamin Constant,BR,-4.3831,-70.0311,27.97,83,75,1.54
Toora-Khem,RU,52.4675,96.11,-8.7,95,100,0.77
Richards Bay,ZA,-28.783,32.0377,24.43,90,37,2.71
Zhigansk,RU,66.7697,123.3711,-33.75,83,0,0.65
Lerwick,GB,60.1545,-1.1494,0.0,59,40,8.75
Zaraza,VE,9.3503,-65.3245,31.31,45,91,3.21
Morón,AR,-34.6534,-58.6198,21.67,68,90,5.14
Āsosa,ET,10.0667,34.5333,20.42,25,36,1.41
Lengshuitan,CN,26.4111,111.5956,9.15,94,100,0.26
San Angelo,US,31.4638,-100.437,2.0,100,90,5.14
Bandrele,YT,-12.9067,45.1914,25.0,88,100,1.03
College,US,64.8569,-147.8028,-35.12,62,20,2.57
Örnsköldsvik,SE,63.2909,18.7153,-8.0,100,90,3.09
São Joaquim,BR,-28.2939,-49.9317,27.22,32,76,0.52
Perambalur,IN,11.2333,78.8833,22.0,78,20,2.06
Shenjiamen,CN,29.9576,122.298,9.19,78,98,3.39
Kuruman,ZA,-27.4524,23.4325,25.56,62,85,0.41
Artyom,AZ,40.4723,50.333,9.0,93,90,3.09
Laas,IT,46.6166,10.7002,1.91,74,20,0.69
Hvide Sande,DK,56.0045,8.1294,-4.44,79,100,1.34
Bobcaygeon,CA,44.5462,-78.542,-6.55,68,1,1.03
Mt. Pleasant,US,32.7941,-79.8626,15.51,100,1,4.2
Solnechnyy,RU,50.7214,136.6319,-19.62,86,32,1.01
Tonstad,NO,58.6626,6.7169,-5.81,62,0,1.54
La Libertad,EC,-2.2333,-80.9,28.0,74,0,4.12
Deputatsky,RU,69.3,139.9,-25.89,91,100,1.31
Ovada,IT,44.6384,8.6453,8.51,84,84,1.15
Båtsfjord,NO,70.6345,29.7185,-8.0,79,40,9.26
Broome,US,42.2506,-75.833,-2.6,80,90,1.54
Alamosa,US,37.4695,-105.87,8.0,27,1,6.17
Honiara,SB,-9.4333,159.95,25.78,83,89,2.72
Ejura,GH,7.3856,-1.3562,34.65,22,15,1.34
Ilām,NP,26.9167,87.9167,11.71,60,0,1.7
Porto-Novo,BJ,6.4965,2.6036,31.0,74,20,6.69
Aykhal,RU,66.0,111.5,-28.74,86,97,3.45
Wilmington,US,34.2257,-77.9447,16.9,94,90,3.44
Terrace,CA,54.5163,-128.6035,-15.0,72,75,9.77
Topolobampo,MX,25.6,-109.05,22.03,46,1,1.0
Sampang,ID,-7.1872,113.2394,26.0,89,20,2.06
Anito,PH,12.4497,125.2886,25.09,89,100,7.85
Tezu,IN,27.9167,96.1667,16.35,38,0,1.85
Mombetsu,JP,44.3525,143.3525,-12.78,73,14,3.13
Xucheng,CN,20.35,110.1288,16.0,100,75,4.0
Pemba,MZ,-12.974,40.5178,23.94,94,75,4.63
La Palma,US,33.8464,-118.0467,13.23,72,90,1.54
Egvekinot,RU,66.3167,-179.1667,-24.42,76,90,4.11
Boda,CF,4.3189,17.4695,26.43,16,99,1.74
Sovetskiy,RU,61.3614,63.5842,-31.71,85,14,2.06
Xique-Xique,BR,-10.8218,-42.7263,28.3,63,64,3.12
Verāval,IN,20.9,70.3667,22.01,54,71,4.7
Calatayud,ES,41.3535,-1.6432,9.23,55,75,6.17
Voi,KE,-3.3945,38.563,23.06,77,98,1.19
Port Hedland,AU,-20.3167,118.5667,27.0,83,32,4.63
Inongo,CD,-1.95,18.2667,27.29,60,57,0.08
Nueve de Julio,AR,-35.4444,-60.8831,27.22,37,12,3.13
Vila Franca do Campo,PT,37.7167,-25.4333,16.35,94,40,7.2
Huarmey,PE,-10.0681,-78.1522,25.09,65,60,4.55
Chagoda,RU,59.164,35.3285,-16.5,92,98,0.82
Sayyan,YE,15.1718,44.3244,9.52,62,75,4.4
Alenquer,BR,-1.9417,-54.7383,28.0,78,75,1.54
Kungurtug,RU,50.5994,97.5228,-3.48,85,100,2.38
Caçu,BR,-18.5567,-51.1308,29.72,42,23,2.44
New Orleans,US,29.9547,-90.0751,18.95,88,40,2.57
Rovaniemi,FI,66.5,25.7167,-17.0,85,0,3.09
Yangi Marg`ilon,UZ,40.4272,71.7189,9.0,76,99,2.06
Fort Walton Beach,US,30.4058,-86.6188,17.61,88,90,2.06
Bell Ville,AR,-32.6259,-62.6887,25.0,62,100,3.58
San Quintín,MX,30.4833,-115.95,14.48,72,98,2.49
Mayachnyy,RU,52.6839,55.685,-28.99,89,59,1.96
Wattegama,LK,6.7989,81.4808,20.82,85,58,3.22
Marawi,PH,7.9986,124.2928,23.33,94,93,1.34
Alekseyevka,RU,50.6309,38.6903,-6.01,97,100,3.64
Mokhsogollokh,RU,61.4681,128.9203,-30.92,87,78,1.63
Gisborne,NZ,-38.6533,178.0042,22.22,67,100,2.24
