City,Country,Latitude,Longitude,Temperature,Humidity,Cloudiness,Wind Speed
Saint-Joseph,RE,-21.3667,55.6167,23.24,61,75,5.66
Vaini,TO,-21.2,-175.2,30.0,79,75,4.12
Chokurdakh,RU,70.6333,147.9167,-27.66,79,73,1.91
Romanovskaya,RU,47.5426,42.0285,5.68,90,99,4.05
Longyearbyen,SJ,78.2186,15.6401,-18.0,71,40,6.17
Sabang,ID,5.8933,95.3214,27.4,72,16,1.45
Cape Town,ZA,-33.9258,18.4232,21.06,94,20,4.63
Isangel,VU,-19.55,169.2667,29.0,74,75,1.54
Punta Arenas,CL,-53.15,-70.9167,10.77,58,0,8.23
Thompson,CA,55.7435,-97.8558,-30.0,69,40,1.54
Upernavik,GL,72.7868,-56.1549,-17.39,81,90,2.51
Lorengau,PG,-2.0226,147.2712,29.33,68,94,2.38
Jamestown,US,42.097,-79.2353,-8.36,73,1,3.09
Khovd,MN,48.0056,91.6419,-14.65,73,0,1.12
Letka,RU,59.6011,49.4232,-19.15,90,100,2.52
Pitimbu,BR,-7.4706,-34.8086,27.0,78,0,4.12
Hermanus,ZA,-34.4187,19.2345,22.78,88,34,0.45
Tabuk,PH,17.4189,121.4443,21.34,90,81,3.0
Esim,GH,4.8699,-2.2405,27.05,84,9,4.61
Saint-Philippe,RE,-21.3585,55.7679,23.17,61,75,5.66
Ushuaia,AR,-54.8,-68.3,12.0,58,40,7.72
Esperance,AU,-33.8667,121.9,17.0,59,90,3.36
Tiksi,RU,71.6872,128.8694,-23.32,89,55,3.46
Hithadhoo,MV,-0.6,73.0833,27.28,80,34,5.99
Craig,US,40.5153,-107.5464,3.62,56,90,4.63
Rikitea,PF,-23.1203,-134.9692,26.22,69,78,2.79
San Quintín,MX,30.4833,-115.95,16.13,74,17,4.75
Ames,US,42.0347,-93.6199,-17.88,71,90,7.2
Inhambane,MZ,-23.865,35.3833,26.21,85,50,5.32
Novo Aripuanã,BR,-5.1206,-60.3797,23.96,95,100,0.62
Castro,BR,-24.7911,-50.0119,15.97,95,94,1.85
Tomakomai,JP,42.6369,141.6033,-3.0,80,75,3.6
Saint Paul Harbor,US,57.79,-152.4072,3.0,87,90,15.95
Trairi,BR,-3.2778,-39.2689,26.81,81,88,4.66
Namatanai,PG,-3.6667,152.4333,28.15,78,82,2.84
Carnarvon,AU,-24.8667,113.6333,24.0,78,75,7.2
Stillwater,US,36.1156,-97.0584,-6.69,79,90,4.63
Xingyi,CN,24.1877,102.817,6.77,97,33,1.14
Katsuura,JP,35.1333,140.3,6.43,56,0,3.6
Ligayan,PH,4.6533,119.4706,27.6,81,74,6.43
Nobres,BR,-14.7203,-56.3275,23.39,93,100,1.69
Hilo,US,19.7297,-155.09,21.63,78,90,3.51
Hobart,AU,-42.8794,147.3294,19.79,42,40,8.75
Pismo Beach,US,35.1428,-120.6413,14.54,77,1,5.14
Avarua,CK,-21.2078,-159.775,26.0,89,75,1.03
Port Lincoln,AU,-34.7333,135.8667,17.62,63,86,5.57
Los Llanos de Aridane,ES,28.6585,-17.9182,14.41,72,13,2.57
Wanning,CN,18.8003,110.3967,15.77,82,0,2.59
Puerto Ayora,EC,-0.7393,-90.3518,24.98,83,75,3.09
Taksimo,RU,56.3444,114.8794,-18.52,86,100,1.73
Ribeira Grande,PT,38.5167,-28.7,16.37,80,99,17.0
Abnūb,EG,27.2696,31.1511,15.0,58,0,3.09
Kapaa,US,22.0752,-159.319,25.0,53,90,4.12
Pamanukan,ID,-6.2842,107.8106,24.98,89,93,1.34
Beloha,MG,-25.1667,45.05,23.47,82,98,3.35
Murgab,TM,37.4966,61.9714,8.0,66,40,4.12
Tuktoyaktuk,CA,69.4541,-133.0374,-22.0,77,20,6.69
Atuona,PF,-9.8,-139.0333,26.33,74,3,5.23
Kondol',RU,52.8189,45.058,-10.76,96,97,1.57
Narsaq,GL,60.9167,-46.05,3.0,28,75,16.98
San Cristobal,VE,7.7669,-72.225,28.0,57,40,3.09
Cherskiy,RU,68.75,161.3,-29.37,84,0,0.72
Bell Ville,AR,-32.6259,-62.6887,21.39,90,57,3.9
Hasaki,JP,35.7333,140.8333,2.46,81,75,2.57
Hermiston,US,45.8404,-119.2895,-2.88,50,90,5.14
Shaunavon,CA,49.6501,-108.4181,-31.0,69,100,9.77
Bluff,NZ,-46.6,168.3333,15.0,72,24,4.47
Awjilah,LY,29.1081,21.2869,13.49,78,0,5.04
Barrow,US,71.2906,-156.7887,-42.0,83,1,4.12
Eldorado,BR,-23.7869,-54.2836,21.49,87,97,1.3
Villa San Giovanni,IT,38.2276,15.6386,13.49,71,20,2.57
Kutum,SD,14.2,24.6667,15.85,33,1,3.85
Husavik,IS,66.0449,-17.3389,-7.0,93,0,2.57
Hervey Bay,AU,-25.2986,152.8535,27.31,57,75,2.57
Lebu,CL,-37.6167,-73.65,15.64,90,80,6.38
Mataura,NZ,-46.1927,168.8643,15.0,72,3,4.47
Bambous Virieux,MU,-20.3428,57.7575,25.79,78,75,3.09
Monrovia,LR,6.3005,-10.7969,26.42,89,13,3.15
Butaritari,KI,3.0707,172.7902,27.77,76,59,6.2
Busselton,AU,-33.65,115.3333,13.89,87,0,4.45
Pevek,RU,69.7008,170.3133,-30.09,83,19,0.65
Dunedin,NZ,-45.8742,170.5036,15.56,60,0,2.24
Politischer Bezirk Zwettl,AT,48.6,15.1667,-10.92,88,90,2.0
Dillon,US,34.4166,-79.3712,14.95,100,90,2.57
Laguna,US,38.421,-121.4238,13.43,67,90,3.09
Bredasdorp,ZA,-34.5322,20.0403,22.0,88,86,2.06
Fairbanks,US,64.8378,-147.7164,-9.83,73,75,0.36
Faanui,PF,-16.4833,-151.75,28.06,67,1,4.78
Mahébourg,MU,-20.4081,57.7,26.0,78,75,3.09
Berezovyy,RU,51.6667,135.7,-12.42,91,90,0.73
Meulaboh,ID,4.1363,96.1285,24.76,87,57,2.67
Magway,MM,20.15,94.9167,16.38,41,0,0.61
Lata,PT,40.1629,-8.3327,13.71,92,93,0.89
Amga,RU,60.8953,131.9608,-13.88,93,72,1.04
Dingle,PH,10.9995,122.6711,25.9,82,100,0.78
George Town,MY,5.4112,100.3354,25.36,88,20,3.64
Nan,TH,18.8333,100.6667,13.0,94,0,1.54
Khatanga,RU,71.9667,102.5,-31.85,87,93,1.71
Fenoarivo Atsinanana,MG,-17.3667,49.4167,23.38,86,97,2.6
Pacific Grove,US,36.6177,-121.9166,12.62,62,75,2.57
Vila Franca do Campo,PT,37.7167,-25.4333,16.06,88,40,9.77
Sarakhs,IR,36.5449,61.1577,10.0,62,97,2.06
Hay River,CA,60.8156,-115.7999,-20.0,77,74,6.17
Bethel,US,41.3712,-73.414,-3.72,46,1,4.12
Dicabisagan,PH,17.0818,122.4157,24.6,86,49,2.27
Anadyr,RU,64.75,177.4833,-31.81,68,0,6.0
Sisimiut,GL,66.9395,-53.6735,-15.24,89,77,4.7
Kropotkin,RU,45.4375,40.5756,11.11,78,100,3.71
Plettenberg Bay,ZA,-34.0527,23.3716,22.22,92,100,1.11
Lavrentiya,RU,65.5833,-171.0,-29.63,81,0,5.66
Maceió,BR,-9.6658,-35.7353,24.0,88,0,2.06
Ponta do Sol,PT,32.6667,-17.1,12.72,69,65,0.89
Pisco,PE,-13.7,-76.2167,23.72,78,40,3.09
Pundaguitan,PH,6.3711,126.1689,27.75,78,65,3.46
Nikolskoye,RU,59.7035,30.7861,-15.82,85,75,4.0
Torbay,CA,47.6666,-52.7314,-5.72,93,90,15.43
Leninsk,RU,48.7119,45.1994,0.79,100,90,2.0
Saldanha,ZA,-33.0117,17.9442,18.0,88,4,3.09
Alofi,NU,-19.0595,-169.9187,30.0,70,75,5.66
Albany,US,42.6001,-73.9662,-6.75,53,40,4.12
Lompoc,US,34.6391,-120.4579,12.65,77,1,5.66
La Asuncion,VE,11.0333,-63.8628,24.43,84,78,7.11
Garoua,CM,9.3,13.4,22.06,19,6,1.24
Ndélé,CF,8.4109,20.6473,21.32,21,85,1.24
Porbandar,IN,21.6422,69.6093,19.85,56,0,3.97
Viedma,AR,-40.8135,-62.9967,23.33,66,0,7.75
Tādepallegūdem,IN,16.8333,81.5,17.07,89,64,1.96
Sola,VU,-13.8833,167.55,31.0,70,75,2.17
Port Alfred,ZA,-33.5906,26.891,21.11,96,81,3.72
Frunze,UA,48.6686,38.7544,6.89,88,100,6.54
São João da Barra,BR,-21.6403,-41.0511,25.3,85,91,6.42
Talnakh,RU,69.4865,88.3972,-26.08,87,97,1.05
Kiunga,PG,-6.1219,141.2906,27.51,80,100,1.11
Bonavista,CA,48.6499,-53.1147,-4.78,86,100,5.14
Inírida,CO,3.8653,-67.9239,24.86,92,97,0.86
Havre-St-Pierre,CA,50.2334,-63.5986,-8.0,86,90,7.72
Abu Dhabi,AE,24.4667,54.3667,18.57,94,0,0.51
Neiafu,TO,-18.65,-173.9833,30.0,74,40,4.12
Ostrovnoy,RU,68.0531,39.5131,-12.62,93,100,2.35
Marsh Harbour,BS,26.5412,-77.0636,23.43,82,11,5.92
Clyde River,CA,70.4692,-68.5914,-14.0,92,53,15.43
Codrington,AU,-38.2667,141.9667,17.24,64,100,5.36
College,US,64.8569,-147.8028,-10.35,57,75,1.54
Māler Kotla,IN,30.5167,75.8833,11.67,58,100,1.43
Sioux Lookout,CA,50.1001,-91.917,-26.0,58,75,0.75
Mar del Plata,AR,-38.0023,-57.5575,21.09,94,90,5.66
Pelym,RU,61.0108,61.9978,-29.81,87,17,0.87
Palmer,US,42.1584,-72.3287,-5.21,50,75,3.6
Kholmogory,RU,64.2229,41.656,-25.0,84,75,1.0
Orsha,BY,54.5153,30.4053,-14.24,94,100,7.67
Padang,ID,-0.9492,100.3543,23.0,88,40,1.03
Kumul,CN,42.8,93.45,-1.54,77,64,3.32
Verkhnevilyuysk,RU,63.4453,120.3167,-29.54,87,90,1.47
Qaanaaq,GL,77.484,-69.3632,-13.27,68,0,3.17
Chicama,PE,-7.8447,-79.1469,24.0,78,90,4.12
Mazagão,BR,-0.115,-51.2894,26.0,89,75,2.06
Krivodol,BG,43.3744,23.4844,-1.24,83,31,8.67
Arraial do Cabo,BR,-22.9661,-42.0278,24.0,94,75,3.6
Zyryanka,RU,65.75,150.85,-28.31,87,53,1.34
Ketchikan,US,55.3422,-131.6461,-4.6,33,1,8.23
New Norfolk,AU,-42.7826,147.0587,18.46,61,11,3.58
Tessalit,ML,20.1986,1.0114,20.52,18,0,3.92
Saint Anthony,US,45.0205,-93.218,-18.88,60,90,5.14
Ponta Delgada,PT,37.7333,-25.6667,16.06,88,40,9.77
Novokizhinginsk,RU,51.6115,109.5917,-18.98,89,44,3.22
Leh,IN,34.1667,77.5833,-14.37,67,0,0.92
Oistins,BB,13.0667,-59.5333,26.0,61,40,8.23
Gondanglegi,ID,-7.7479,112.0132,24.99,86,85,1.71
Provideniya,RU,64.3833,-173.3,-21.0,59,0,16.0
Dŭstí,TJ,37.3481,68.664,8.0,61,54,2.0
Göksun,TR,38.021,36.4973,10.0,76,0,1.03
Poum,NC,-20.2333,164.0167,26.33,73,1,4.17
Ratnagiri,IN,16.9833,73.3,21.9,44,33,1.39
Cockburn Town,TC,21.4612,-71.1419,24.95,77,0,9.66
Alappuzha,IN,9.49,76.3264,22.27,77,21,2.78
Puerto Quijarro,BO,-17.7833,-57.7667,20.91,95,100,1.82
Vicuña,CL,-30.0319,-70.7081,22.78,50,4,0.8
Ilo,PE,-17.6394,-71.3375,21.81,79,100,2.31
Coyhaique,CL,-45.5752,-72.0662,18.0,39,20,3.09
Tasiilaq,GL,65.6145,-37.6368,-6.0,68,90,9.26
Genhe,CN,50.7833,121.5167,-15.87,92,100,3.48
Touros,BR,-5.1989,-35.4608,27.0,78,20,4.63
Teacapan,MX,22.55,-105.75,21.06,69,0,4.18
Nhulunbuy,AU,-12.2333,136.7667,28.0,83,75,3.6
Mayo,US,38.8876,-76.5119,-0.06,80,75,2.57
Tuy Hoa,VN,13.0833,109.3,19.03,82,84,3.27
Unaí,BR,-16.3575,-46.9061,22.29,89,91,1.33
Bubaque,GW,11.2833,-15.8333,25.42,64,44,6.05
Balkanabat,TM,39.5108,54.3671,9.81,60,61,0.49
Asău,RO,46.4333,26.4,-5.0,68,100,1.09
Kingsport,US,36.5484,-82.5618,4.1,93,90,2.06
Imeni Poliny Osipenko,RU,52.4201,136.4853,-16.23,94,91,0.7
Cayenne,GF,4.9333,-52.3333,24.0,100,90,0.51
Douentza,ML,14.9951,-2.9517,22.6,18,12,1.86
Kirkwall,GB,58.9848,-2.9587,-2.0,69,20,4.63
Cabo San Lucas,MX,22.8909,-109.9124,21.24,60,20,5.14
Kourou,GF,5.1552,-52.6478,24.0,100,90,0.51
Iqaluit,CA,63.7506,-68.5145,-18.94,78,75,6.69
Mékhé,SN,15.1097,-16.6218,23.41,31,11,2.06
Pangnirtung,CA,66.1451,-65.7125,-21.0,84,75,2.06
Jaisalmer,IN,26.9147,70.9181,19.32,23,99,3.65
Pedernales,DO,18.0384,-71.744,25.53,55,2,5.44
Hokitika,NZ,-42.7167,170.9667,15.88,66,8,3.68
Lagoa,PT,39.05,-27.9833,15.22,86,100,16.39
Masumbwe,TZ,-3.6333,32.1833,18.88,94,100,0.46
Luan,CH,46.3592,6.9759,-4.35,80,99,1.34
Gamba,GA,-2.65,10.0,26.02,86,100,2.35
Laela,TZ,-8.5667,32.05,16.37,97,100,1.19
Tayoltita,MX,24.0833,-105.9333,18.97,37,0,2.49
Dolores,AR,-36.3132,-57.6792,20.62,81,100,4.76
Sarab,IR,38.6066,44.9883,3.69,72,0,0.67
Manadhoo,MV,5.7667,73.3833,26.77,67,0,4.38
Kruisfontein,ZA,-34.0033,24.7314,23.33,88,100,1.79
Oktyabr'skiy,RU,54.4815,53.471,-12.06,95,99,1.66
Bam,IR,29.106,58.357,15.54,27,98,3.8
Biak,ID,-0.9131,122.8766,27.11,74,96,1.3
Sept-Îles,CA,50.2001,-66.3821,-9.31,92,75,1.03
Minusinsk,RU,53.7103,91.6875,-31.0,83,38,1.0
La Tuque,CA,47.4334,-72.7824,-16.0,55,100,4.12
Tura,IN,25.5198,90.2201,15.88,47,16,1.07
Kokopo,PG,-4.352,152.2633,26.56,81,100,2.58
Hobyo,SO,5.3505,48.5268,24.42,77,100,7.83
Port Elizabeth,ZA,-33.918,25.5701,22.0,94,0,2.06
Fortuna,US,40.5982,-124.1573,11.1,100,75,3.6
Kahului,US,20.8947,-156.47,24.49,50,1,6.69
Flin Flon,CA,54.7682,-101.865,-28.0,63,75,2.57
Vostok,RU,46.4856,135.8833,-6.88,94,100,1.52
Coari,BR,-4.085,-63.1414,24.34,97,100,1.28
Yar-Sale,RU,66.8333,70.8333,-28.06,87,90,3.83
Blairmore,CA,49.6,-114.4353,-23.91,64,79,4.63
Touba,CI,8.2833,-7.6833,25.42,24,20,0.31
Libertador General San Martín,AR,-23.8064,-64.7876,23.33,75,86,1.39
Miramar,US,25.9873,-80.2323,24.29,69,40,3.6
Petropavlovsk-Kamchatskiy,RU,53.0452,158.6483,-9.0,79,64,1.0
Athabasca,CA,54.7169,-113.2854,-24.53,70,100,5.66
Hong Kong,HK,22.2855,114.1577,14.53,74,0,3.12
Ancud,CL,-41.8697,-73.8203,13.28,77,75,3.09
Tateyama,JP,34.9833,139.8667,6.68,53,100,1.34
Tautira,PF,-17.7333,-149.15,30.5,42,75,4.63
Kuching,MY,1.55,110.3333,23.95,94,40,1.14
Maniitsoq,GL,65.4167,-52.9,-11.46,87,15,4.13
Laas,IT,46.6166,10.7002,-11.0,85,0,4.12
Giohar,SO,2.7809,45.5005,21.68,84,95,4.25
Alta Floresta,BR,-9.8756,-56.0861,23.3,95,100,0.83
Chui,UY,-33.6971,-53.4616,21.29,88,100,6.4
Torata,PE,-17.0769,-70.8433,14.71,69,100,2.22
Yarensk,RU,62.1675,49.0916,-21.27,91,100,1.69
Kyrenia,CY,35.3417,33.3167,9.0,93,75,3.09
Wentzville,US,38.8114,-90.8529,-7.43,72,100,0.89
Zhangye,CN,38.9342,100.4517,0.04,77,89,0.68
Kloulklubed,PW,7.0419,134.2556,28.0,83,75,3.09
Buraidah,SA,26.326,43.975,13.0,94,0,1.54
Makakilo City,US,21.3469,-158.0858,26.25,44,1,4.63
Muzhi,RU,65.3667,64.6667,-30.96,83,41,0.68
Severobaykal'sk,RU,55.65,109.3167,-19.1,83,100,3.07
Lüderitz,NA,-26.6481,15.1594,18.45,84,86,2.39
Caravelas,BR,-17.7125,-39.2481,24.52,79,88,2.28
Airai,TL,-8.9266,125.4092,20.66,86,90,0.44
Aiken,US,33.5835,-81.5998,17.69,100,90,1.54
Griffith,US,41.5284,-87.4237,-5.31,68,90,5.14
Kavieng,PG,-2.5744,150.7967,28.55,73,77,3.14
Mhlume,SZ,-26.0333,31.85,22.78,91,93,3.46
Saskylakh,RU,71.9167,114.0833,-25.86,86,100,1.41
Sonoita,MX,31.85,-112.8333,23.33,19,0,2.5
Yarim,YE,14.298,44.3779,8.57,50,42,1.78
Leer,SS,8.3018,30.1418,24.57,19,66,2.68
Cururupu,BR,-1.8283,-44.8683,25.11,91,99,1.75
Moose Factory,CA,51.2585,-80.6094,-21.0,54,1,2.57
Bukachacha,RU,52.9833,116.9167,-14.28,91,100,2.19
Faya,SA,18.3851,42.4509,11.5,58,0,0.31
Angoram,PG,-4.0625,144.0661,24.31,95,100,0.17
Riyadh,SA,24.6877,46.7219,13.26,33,0,1.54
Ajdabiya,LY,30.7554,20.2263,14.31,79,0,4.66
Bengkulu,ID,-3.8004,102.2655,24.74,83,100,2.22
Haileybury,CA,47.449,-79.6373,-20.0,50,1,2.06
Jizan,SA,17.3333,42.6667,24.0,88,32,2.57
Canavieiras,BR,-15.675,-38.9472,24.15,80,25,1.98
Forestville,US,38.8451,-76.875,0.07,80,75,3.6
East London,ZA,-33.0153,27.9116,23.67,85,29,6.66
Tutóia,BR,-2.7619,-42.2744,27.19,82,100,6.02
Bukama,CD,-9.2,25.85,21.25,93,100,0.47
Teguise,ES,29.0605,-13.564,16.0,82,20,3.09
Forsytheganj,BY,52.6333,29.7333,-12.46,95,100,7.73
Koslan,RU,63.4564,48.8989,-21.93,89,100,1.79
Tairua,NZ,-37.0167,175.85,22.22,53,0,4.47
Dwārka,IN,22.2394,68.9678,20.79,74,0,3.6
Peterborough,GB,52.5736,-0.2478,-3.25,86,90,4.12
Vitim,RU,59.4511,112.5578,-23.55,86,100,0.8
Våler,NO,60.6785,11.8331,-15.0,72,0,3.6
Lyuban',BY,52.7985,28.0048,-12.96,95,100,7.12
Sharhorod,UA,48.7383,28.085,-8.33,85,100,8.48
Les Cayes,HT,18.2,-73.75,24.51,73,23,2.61
Half Moon Bay,US,37.4636,-122.4286,12.34,93,75,4.12
Jiangkou,CN,25.4872,119.1986,13.0,94,90,4.0
Black Diamond,US,47.3087,-122.0032,0.04,65,100,2.24
Qasigiannguit,GL,68.8193,-51.1922,-12.0,67,75,7.72
Mexico,PH,15.0646,120.7198,23.0,94,75,1.03
Merauke,ID,-8.4667,140.3333,26.34,86,100,3.5
Shaki,AZ,41.0833,47.1667,1.0,100,0,1.16
Vila Velha,BR,-20.3297,-40.2925,26.79,78,75,3.6
Polunochnoye,RU,60.8697,60.4153,-29.38,88,58,0.38
Yerbogachën,RU,61.2767,108.0108,-30.0,85,0,1.29
Tahoua,NE,14.8888,5.2692,26.0,8,0,2.06
Tomatlán,MX,19.9333,-105.25,23.19,59,0,4.31
Malé,MV,4.1748,73.5089,27.0,74,20,5.66
Slave Lake,CA,55.2834,-114.769,-25.0,64,1,10.29
Tiverton,GB,50.9,-3.4833,1.56,70,75,9.77
Berlevåg,NO,70.8578,29.0864,-5.35,94,76,7.72
Traverse City,US,44.7631,-85.6206,-9.85,62,90,3.09
Sungai Raya,ID,0.7,108.9,25.03,87,100,3.74
Paamiut,GL,61.994,-49.6678,-3.35,86,70,4.21
Bhadrāchalam,IN,17.6667,80.8833,16.77,88,86,0.94
Praia da Vitória,PT,38.7333,-27.0667,16.62,94,40,14.32
Mehamn,NO,71.0357,27.8492,-5.42,92,78,4.89
Novoagansk,RU,61.9449,76.6625,-28.71,88,100,3.28
Egvekinot,RU,66.3167,-179.1667,-29.0,84,0,4.73
Rodrigues Alves,BR,-7.738,-72.6509,23.0,100,90,2.57
Vao,NC,-22.6667,167.4833,24.92,80,5,3.27
Khandyga,RU,62.6667,135.6,-15.69,88,12,1.74
Port Hedland,AU,-20.3167,118.5667,29.0,70,90,4.12
Kysyl-Syr,RU,63.8986,122.7617,-26.93,88,100,1.06
Vestmannaeyjar,IS,63.4427,-20.2734,5.01,75,100,16.96
San Policarpo,PH,12.1791,125.5072,25.87,88,12,2.62
Krasnosel'kup,RU,65.7,82.4667,-36.32,82,11,2.68
Teeli,RU,51.0333,90.2333,-24.82,82,59,0.36
Rafaela,AR,-31.2503,-61.4867,23.99,50,26,0.51
Leningradskiy,RU,69.3833,178.4167,-26.18,87,100,5.28
Luganville,VU,-15.5333,167.1667,30.01,64,57,1.6
Dikson,RU,73.5069,80.5464,-26.02,89,100,2.18
Tawao,MY,4.2498,117.8871,23.93,94,20,1.03
Juba,SS,4.8517,31.5825,26.95,28,44,1.27
Leningradskaya,RU,46.3214,39.3877,8.42,81,100,4.39
Shamkhal,RU,43.0596,47.3373,6.84,87,90,1.0
Kasongo-Lunda,CD,-6.4667,16.8167,21.94,85,23,0.48
Kurchum,KZ,48.5722,83.6542,-16.38,93,99,0.16
Cidreira,BR,-30.1811,-50.2056,23.8,81,97,6.18
Dzerzhinsk,RU,56.2389,43.4631,-12.0,79,75,2.0
Visby,SE,57.6409,18.296,-5.66,93,75,4.12
Orlik,RU,52.5178,99.825,-29.4,76,93,0.97
Nome,US,64.5011,-165.4064,-12.0,72,90,11.32
Znamenskoye,RU,57.1281,73.8282,-32.23,86,16,1.85
Onega,RU,63.9061,38.1404,-25.46,89,0,1.28
Boende,CD,-0.2167,20.8667,24.27,55,7,0.83
Fort Nelson,CA,58.8053,-122.7002,-20.0,59,40,3.09
Monterey,US,36.2505,-121.2516,7.78,70,100,4.94
Mujiayingzi,CN,42.1167,118.7833,-4.54,88,0,2.78
Deputatsky,RU,69.3,139.9,-21.69,82,100,0.93
Bathsheba,BB,13.2167,-59.5167,26.0,61,40,8.23
Khammam,IN,17.25,80.15,16.75,91,89,1.92
Nouakchott,MR,18.0858,-15.9785,23.0,11,1,3.6
Saint George,US,37.1041,-113.5841,17.82,24,1,6.17
Grindavik,IS,63.8424,-22.4338,3.0,81,75,8.75
Kurumkan,RU,54.3,110.3,-18.85,82,100,1.52
Ginda,IN,30.6945,78.4932,7.81,38,77,2.99
Udachny,RU,66.4167,112.4,-30.27,85,58,1.3
Henties Bay,NA,-22.116,14.2845,21.11,86,83,1.18
Ojinaga,MX,29.5667,-104.4167,20.68,31,1,5.66
Nanuque,BR,-17.8392,-40.3539,23.0,86,84,3.6
São José da Coroa Grande,BR,-8.8978,-35.1478,25.87,81,14,4.38
Constitución,CL,-35.3333,-72.4167,15.95,89,86,3.15
Hamadan,IR,34.7992,48.5146,2.84,68,0,0.28
Malakwal,PK,32.5536,73.2123,12.67,40,17,0.56
Aklavik,CA,68.2191,-135.0107,-25.0,70,40,4.63
Nantucket,US,41.2835,-70.0995,-3.15,68,75,2.06
Khasan,RU,42.4308,130.6434,-2.93,96,65,1.89
Santa Vitória do Palmar,BR,-33.5189,-53.3681,21.41,89,100,5.75
Sistranda,NO,63.7256,8.834,-4.0,74,0,7.2
Sulangan,PH,11.1373,123.7228,27.28,76,13,1.01
Topeka,US,39.0483,-95.678,-11.21,62,90,5.14
Mackay,AU,-21.15,149.2,27.91,57,17,3.6
Koyima,SL,8.7,-11.0333,21.1,75,34,0.48
Alyangula,AU,-13.8483,136.4192,28.0,83,75,2.57
Garbolovo,RU,60.3413,30.4955,-14.72,55,87,2.32
Comodoro Rivadavia,AR,-45.8667,-67.5,30.0,21,0,7.72
Kalevala,RU,65.2,31.1667,-19.54,92,53,0.58
Rodolfo Sánchez Taboada,MX,31.7167,-116.5667,16.11,82,23,1.79
Manta,EC,-0.95,-80.7333,28.0,74,75,2.06
Playas,EC,-2.6333,-80.3833,25.16,83,37,3.85
Kita,ML,13.0349,-9.4895,25.65,17,28,1.72
Kiama,AU,-34.6833,150.8667,23.73,72,84,5.81
Qingyuan,CN,23.7,113.0333,14.0,82,75,2.0
Sal Rei,CV,16.1833,-22.9167,20.0,83,40,7.2
Zhuhai,CN,22.2769,113.5678,15.32,72,0,4.12
Berdigestyakh,RU,62.0989,126.6992,-22.11,90,98,1.19
Dalbandin,PK,28.8947,64.4101,12.26,37,46,1.95
Honiara,SB,-9.4333,159.95,25.87,88,100,3.88
Port Hardy,CA,50.6996,-127.4199,0.39,47,75,13.89
Conde,BR,-7.2597,-34.9075,27.0,78,0,4.12
Nanortalik,GL,60.1432,-45.2371,-1.77,88,100,5.57
Shimoda,JP,34.6667,138.95,7.41,66,75,4.12
Yellowknife,CA,62.456,-114.3525,-20.7,77,20,6.17
Brasília,BR,-15.7797,-47.9297,22.11,78,75,3.09
Colares,PT,38.7992,-9.4469,13.86,97,88,5.85
Westport,US,41.1415,-73.3579,-2.35,43,1,4.12
Zhigansk,RU,66.7697,123.3711,-24.36,90,81,1.12
Benicarló,ES,40.4165,0.4271,11.4,71,61,1.51
Upata,VE,8.0086,-62.3989,23.03,76,22,3.9
Rosário do Sul,BR,-30.2583,-54.9142,20.71,85,92,2.99
West Wendover,US,40.7391,-114.0733,11.0,37,1,4.12
Souillac,MU,-20.5167,57.5167,26.0,78,75,3.09
Tete,MZ,-16.1564,33.5867,29.0,74,40,1.54
Kaitangata,NZ,-46.2817,169.8464,15.56,60,8,3.58
Mangaratiba,BR,-22.9597,-44.0406,23.0,88,90,1.03
Yangi Marg`ilon,UZ,40.4272,71.7189,9.0,53,8,3.09
Danilovka,RU,50.3557,44.1168,-2.89,98,96,2.34
Blagoyevo,RU,63.3667,47.9167,-21.68,89,100,1.41
Fergus Falls,US,46.283,-96.0776,-22.93,59,1,6.17
Vardø,NO,70.3705,31.1107,-9.0,79,75,2.57
Naze,JP,28.3667,129.4833,17.0,82,75,12.86
Ilulissat,GL,69.2167,-51.1,-12.0,67,75,7.72
Chipinge,ZW,-20.1883,32.6236,16.66,100,93,1.27
Umluj,SA,25.0213,37.2685,24.83,50,97,2.79
Narasannapeta,IN,18.4167,84.05,18.79,85,60,2.25
Algarrobo,CO,10.1869,-74.5753,32.22,48,84,4.7
Atasū,KZ,48.6814,71.6433,-15.18,84,71,0.73
Kallidaikurichi,IN,8.6667,77.4833,24.0,69,20,1.9
Bogdanci,MK,41.2031,22.5756,4.84,62,19,5.36
Üllés,HU,46.3361,19.8445,-5.29,70,19,6.92
Kapoeta,SS,4.7717,33.5903,26.17,31,60,1.51
Nabire,ID,-3.3667,135.4833,28.27,76,99,1.17
Honningsvåg,NO,70.9821,25.9704,-1.99,93,92,8.89
Norman Wells,CA,65.282,-126.8329,-17.0,66,1,4.12
Vráble,SK,48.2437,18.3085,-8.35,67,0,6.26
Sosnovo-Ozerskoye,RU,52.5249,111.5418,-23.32,88,68,4.78
Gizo Government Station,SB,-8.103,156.8419,28.12,79,96,4.89
Benghazi,LY,32.1167,20.0667,15.43,71,26,5.23
Chaihe,CN,44.7667,129.7,-4.57,94,100,2.13
Sabzawār,IR,36.2126,57.6819,9.59,47,0,1.62
Itarema,BR,-2.9248,-39.9167,26.65,83,100,5.38
Luanda,AO,-8.8368,13.2343,27.0,78,0,2.06
Richards Bay,ZA,-28.783,32.0377,23.45,92,41,0.91
Cairns,AU,-16.9167,145.7667,27.33,78,40,1.54
Marzuq,YE,14.4,46.4667,12.29,39,5,1.23
Altay,CN,47.8667,88.1167,-12.67,90,100,0.43
Camaná,PE,-16.6228,-72.7111,22.18,77,88,3.05
Labuan,MY,5.2767,115.2417,25.0,94,20,2.05
Madang,PG,-5.2246,145.7966,27.13,75,100,1.24
Srednekolymsk,RU,67.45,153.6833,-31.85,84,40,2.34
Osorno,CL,-40.5667,-73.15,23.0,60,20,5.14
Broome,US,42.2506,-75.833,-8.3,73,75,4.12
Mérida,MX,20.9667,-89.6167,31.0,48,40,5.14
Struga,MK,41.1781,20.6761,5.17,78,77,1.71
Seoul,KR,37.5683,126.9778,-2.35,100,75,1.54
Kananga,CD,-5.8958,22.4178,21.09,93,90,0.93
Chumikan,RU,54.7183,135.315,-10.97,96,100,4.91
Lagos,NG,6.5833,3.75,28.0,83,0,3.6
Bintulu,MY,3.1667,113.0333,23.94,100,40,2.14
Marawi,PH,7.9986,124.2928,24.44,87,36,3.58
Safi,MA,32.2994,-9.2372,14.08,86,0,4.64
Guerrero Negro,MX,27.9769,-114.0611,17.74,65,0,5.71
Klaksvík,FO,62.2266,-6.589,1.0,69,20,6.17
Kabompo,ZM,-13.5927,24.2008,18.08,97,100,1.35
Matara,LK,5.9485,80.5353,22.24,90,96,1.15
Erdenet,MN,49.0333,104.0833,-16.74,88,99,1.53
Várzea da Palma,BR,-17.5981,-44.7308,22.14,88,90,1.27
Acapulco de Juárez,MX,16.8634,-99.8901,28.0,65,1,4.12
Tuatapere,NZ,-46.1333,167.6833,15.0,72,0,4.47
Verkhoyansk,RU,67.5447,133.385,-27.3,83,50,0.69
Slonim,BY,53.0867,25.3219,-13.75,94,100,6.01
Kavaratti,IN,10.5669,72.642,27.36,57,30,2.72
Kaura Namoda,NG,12.5898,6.5779,22.82,18,0,4.89
Te Anau,NZ,-45.4167,167.7167,16.67,44,9,0.25
Akdepe,TM,42.0551,59.3788,0.51,69,0,4.12
Mineiros,BR,-17.5694,-52.5511,21.02,88,96,0.65
Naziya,RU,59.8,31.3833,-15.0,54,99,0.91
Eganville,CA,45.5334,-77.0994,-13.0,33,1,4.12
Fuerte Olimpo,PY,-21.0415,-57.8738,23.58,73,82,2.33
Santa Cruz de la Sierra,BO,-17.8,-63.1667,20.38,94,90,4.12
Salinas,US,36.6777,-121.6555,13.65,44,75,4.12
Rodeo,US,38.033,-122.2669,12.12,81,100,3.2
Kashgar,CN,39.4547,75.9797,7.0,24,0,5.0
Penzance,GB,50.1186,-5.5371,2.85,81,90,16.46
Christchurch,NZ,-43.5333,172.6333,15.91,63,90,3.09
Sutamarchán,CO,5.6154,-73.617,15.54,82,94,0.47
Fuxin,CN,42.0156,121.6589,1.12,88,33,0.37
Kota Kinabalu,MY,5.9749,116.0724,23.95,94,20,2.57
São Filipe,CV,14.8961,-24.4956,22.34,68,1,5.37
Colima,MX,19.1667,-104.0,25.43,50,40,2.05
Saint-Michel-des-Saints,CA,46.6834,-73.9159,-18.33,88,65,4.47
Marina,US,36.6844,-121.8022,12.58,62,75,2.57
Sorong,ID,-0.8833,131.25,28.25,79,42,1.35
Shitkino,RU,56.3703,98.3543,-25.44,86,93,2.63
Yangambi,CD,0.8102,24.4336,23.11,49,89,1.2
Guilin,CN,25.2819,110.2864,10.0,100,75,1.24
Topolobampo,MX,25.6,-109.05,22.14,43,1,8.23
Kattivākkam,IN,13.2167,80.3167,20.0,83,40,0.77
Iranshahr,IR,27.2025,60.6848,14.27,31,68,0.89
Aswān,EG,24.0934,32.907,21.0,38,88,4.69
Riosucio,CO,5.4216,-75.7032,25.0,65,40,3.09
Kumluca,TR,36.3703,30.2869,12.92,70,29,1.03
Makkah al Mukarramah,SA,21.4267,39.8261,23.32,63,0,1.31
Fort Myers Beach,US,26.452,-81.9481,24.26,79,4,4.77
Khartoum,SD,15.5518,32.5324,27.12,28,0,5.66
Abay,KZ,49.6311,72.8539,-13.0,85,75,1.73
Santa Flavia,IT,38.085,13.5351,11.87,76,36,3.4
Roald,NO,62.5833,6.1333,-5.65,50,0,5.14
Kushmurun,KZ,52.4503,64.6311,-16.25,94,84,2.32
Ixtapa,MX,20.7,-105.2,22.61,68,75,5.66
Andenes,NO,69.3143,16.1194,1.0,75,90,21.09
Georgiyevka,KZ,43.0369,74.7114,6.0,75,20,3.0
Dolinsk,RU,47.35,142.8,-14.0,85,0,1.0
Diré,ML,12.2833,-10.9667,25.66,17,61,0.33
Witu,KE,-2.3889,40.4382,26.0,83,75,2.57
Tūkrah,LY,32.5341,20.5791,13.76,76,54,3.85
Mananjary,MG,-21.2167,48.3333,23.4,92,100,2.46
Salinópolis,BR,-0.6136,-47.3561,26.48,85,100,4.91
Örnsköldsvik,SE,63.2909,18.7153,-5.0,80,90,7.72
Olafsvik,IS,64.8945,-23.7142,3.55,75,100,7.69
Antofagasta,CL,-23.65,-70.4,21.0,73,0,5.14
La Ronge,CA,55.1001,-105.2842,-28.0,63,100,4.12
South Kazakhstan Region,KZ,43.0,68.0,5.05,84,82,3.13
Nago,JP,26.5881,127.9761,18.29,82,75,11.32
Vallenar,CL,-28.5708,-70.7581,19.91,60,0,1.47
San Juan,AR,-31.5375,-68.5364,28.82,27,64,4.01
Sur,OM,22.5667,59.5289,20.06,44,0,1.74
Qom,IR,34.6401,50.8764,10.52,43,0,2.04
Carberry,CA,49.8689,-99.3602,-27.0,58,75,6.69
Fort Frances,CA,48.5999,-93.4003,-23.93,49,75,2.57
Sakakah,SA,29.9697,40.2064,12.0,54,0,2.06
Kharagpur,IN,22.3333,87.3333,14.99,73,55,1.71
Médéa,DZ,36.2642,2.7539,12.0,94,40,1.03
Nara,JP,34.6851,135.8049,5.73,70,0,1.03
Santa Cruz,MA,30.4202,-9.5982,16.0,100,75,1.54
Loveland,US,40.3978,-105.075,-9.12,67,90,4.63
Bonito,BR,-21.1211,-56.4819,21.23,91,93,0.94
Karasburg,NA,-28.0167,18.75,22.65,62,77,5.81
Karratha,AU,-20.7377,116.8463,28.46,67,26,5.22
Ahipara,NZ,-35.1667,173.1667,20.76,53,3,4.15
Santa Maria,BR,-29.6842,-53.8069,19.0,100,90,1.54
Korla,CN,41.7597,86.1469,-0.92,85,95,0.76
Kununurra,AU,-15.7667,128.7333,28.0,94,90,1.03
Kuytun,RU,54.3419,101.5036,-24.3,90,99,2.33
San Marco in Lamis,IT,41.7131,15.6399,9.0,87,20,4.12
Okhotsk,RU,59.3833,143.3,-9.0,89,100,2.79
Oranjestad,AW,12.524,-70.027,26.0,73,20,9.26
Pitsunda,GE,43.1592,40.3378,11.26,50,85,6.0
Manokwari,ID,-0.8667,134.0833,28.05,74,96,1.9
Thomaston,US,32.8882,-84.3266,17.84,94,90,1.54
Aktobe,KZ,50.2797,57.2072,0.0,93,90,5.0
Maragogi,BR,-9.0122,-35.2225,25.91,80,11,4.28
Savannakhet,LA,16.566,104.751,14.88,74,17,2.0
Dubbo,AU,-32.25,148.6167,26.0,53,93,7.72
Neyshabur,IR,36.2133,58.7958,9.37,45,8,0.78
Tombouctou,ML,20.0,-3.0,20.98,16,9,4.53
Tromsø,NO,69.6496,18.957,-2.12,100,90,13.38
Priiskovyy,RU,51.9333,116.6333,-13.44,91,99,3.14
Geraldton,AU,-28.7667,114.6,16.0,77,0,3.6
Boddam,GB,57.4667,-1.7833,0.89,93,90,5.66
Taltal,CL,-25.4,-70.4833,19.16,72,0,1.27
Kjøpsvik,NO,68.097,16.3742,-0.13,93,90,5.66
Gus-Zheleznyy,RU,55.0581,41.1656,-15.07,95,100,2.3
Ust-Kuyga,RU,70.0167,135.6,-24.78,84,52,2.23
Porto-Novo,BJ,6.4965,2.6036,30.0,84,40,5.66
Cowra,AU,-33.8333,148.6833,19.44,67,100,0.89
La Romana,DO,18.4273,-68.9728,25.0,88,40,5.14
Syava,RU,58.0146,46.3222,-16.77,94,100,2.37
Yazman,PK,29.1212,71.7446,15.7,31,100,1.3
Malbork,PL,54.0359,19.0266,-10.94,86,87,0.89
Tual,ID,-5.6667,132.75,28.8,77,100,5.16
Damietta,EG,31.4165,31.8133,15.72,74,0,2.98
Bekovo,RU,52.4663,43.712,-11.64,96,96,1.64
Turukhansk,RU,65.8167,87.9833,-31.61,82,5,2.16
Tāybād,IR,34.74,60.7756,9.75,48,64,0.99
Rocha,UY,-34.4833,-54.3333,20.04,91,100,5.44
Tamandaré,BR,-8.7597,-35.1047,25.76,81,20,4.04
Jacareacanga,BR,-6.2222,-57.7528,24.24,94,85,0.29
Coos Bay,US,43.3665,-124.2179,10.57,87,90,2.06
Novyi Yarychiv,UA,49.9044,24.3052,-12.11,92,75,6.0
Nuevo Casas Grandes,MX,30.4167,-107.9167,18.33,14,0,3.58
Santa Rosa,PH,14.3122,121.1114,26.08,83,75,4.12
La Unión,PE,-5.4,-80.75,26.02,68,96,5.69
Petropavlovskoye,RU,52.0712,84.107,-27.57,85,97,0.91
Imeni Zhelyabova,RU,58.9544,36.5956,-21.27,91,75,2.38
Kamenka,RU,51.3223,42.7678,-2.78,96,68,2.79
Sidi Ali,DZ,36.0998,0.4206,12.34,83,23,0.87
Northam,GB,51.0333,-4.2167,2.2,78,100,4.02
High Level,CA,58.5169,-117.136,-22.0,77,75,1.54
Boromo,BF,11.75,-2.9333,26.49,15,4,3.51
Barra de Tecoanapa,MX,16.5167,-98.75,26.83,70,0,4.12
Tekeli,KZ,44.83,78.8239,-0.82,92,100,3.31
Berbera,SO,10.4396,45.0143,22.87,74,74,2.57
Nisibis,TR,37.0778,41.2178,10.85,56,0,1.03
