City,County,Latitude,Longitude,Tempurature,Humidity,Cloudiness,Wind Speed
Megion,RU,61.0296,76.1136,-24.0,84,40,1.0
Bambous Virieux,MU,-20.3428,57.7575,29.21,70,75,7.2
Butaritari,KI,3.0707,172.7902,27.65,80,2,8.83
Vaini,TO,-21.2,-175.2,26.0,94,90,8.23
Hasaki,JP,35.7333,140.8333,8.78,18,20,8.23
Yellowknife,CA,62.456,-114.3525,-31.0,69,90,8.23
Norman Wells,CA,65.282,-126.8329,-39.0,74,1,2.57
Vitim,RU,59.4511,112.5578,-3.61,95,100,1.29
Avarua,CK,-21.2078,-159.775,27.0,83,20,2.06
Ushuaia,AR,-54.8,-68.3,12.0,76,40,3.6
Rikitea,PF,-23.1203,-134.9692,25.76,73,28,4.47
Siguiri,GN,11.6667,-9.5,19.49,27,0,1.41
Kapaa,US,22.0752,-159.319,20.0,68,40,4.12
Atuona,PF,-9.8,-139.0333,26.39,79,1,10.03
Hobart,AU,-42.8794,147.3294,15.87,54,75,4.12
Taseyevo,RU,57.2169,94.8978,-6.51,90,100,5.8
Mataura,NZ,-46.1927,168.8643,10.53,95,100,1.93
Dikson,RU,73.5069,80.5464,-34.07,86,90,4.84
Ostrovnoy,RU,68.0531,39.5131,-13.36,92,100,4.31
Barrow,US,71.2906,-156.7887,-37.0,85,1,6.17
Tongliao,CN,43.6125,122.2653,-2.15,95,4,3.49
Clyde River,CA,70.4692,-68.5914,-17.0,92,40,10.29
Hong Kong,HK,22.2855,114.1577,18.34,73,97,0.45
Nouadhibou,MR,20.931,-17.0347,15.0,82,0,9.77
George Town,MY,5.4112,100.3354,31.36,66,20,3.6
Jamestown,US,42.097,-79.2353,-7.28,93,90,0.54
Syracuse,IT,37.0881,15.2792,11.78,93,75,1.54
Broome,US,42.2506,-75.833,-7.67,62,90,2.06
Cape Town,ZA,-33.9258,18.4232,21.69,78,20,8.23
Arraial do Cabo,BR,-22.9661,-42.0278,21.91,81,100,2.64
Manta,EC,-0.95,-80.7333,24.0,78,20,1.03
Albany,US,42.6001,-73.9662,-9.21,62,100,0.72
Weston,US,26.1004,-80.3998,21.23,100,20,0.52
New Norfolk,AU,-42.7826,147.0587,15.34,48,43,0.89
Ponta do Sol,PT,32.6667,-17.1,11.19,77,28,0.89
Havelock,US,34.8791,-76.9013,6.07,87,1,1.93
Narsaq,GL,60.9167,-46.05,4.0,28,90,16.98
Qaanaaq,GL,77.484,-69.3632,-6.94,74,97,2.82
Nsanje,MW,-16.92,35.262,31.11,59,100,0.83
Ilulissat,GL,69.2167,-51.1,-4.0,42,0,8.23
Laas,IT,46.6166,10.7002,-2.26,86,40,1.54
Azul,AR,-36.777,-59.8585,14.44,83,0,1.34
Bethel,US,41.3712,-73.414,-9.58,79,1,0.67
Hermanus,ZA,-34.4187,19.2345,22.78,75,0,0.89
San Fernando del Valle de Catamarca,AR,-28.4696,-65.7852,15.9,99,100,0.58
Punta Arenas,CL,-53.15,-70.9167,10.77,87,0,4.12
Iqaluit,CA,63.7506,-68.5145,-7.0,86,75,1.03
Ust-Kuyga,RU,70.0167,135.6,-32.89,83,32,3.33
Lebu,CL,-37.6167,-73.65,14.77,95,28,4.35
Kaitangata,NZ,-46.2817,169.8464,12.78,81,100,6.71
Kibæk,DK,56.0317,8.857,-3.96,86,75,4.12
Busselton,AU,-33.65,115.3333,22.56,57,50,2.68
Bengkulu,ID,-3.8004,102.2655,30.31,62,88,5.51
Antofagasta,CL,-23.65,-70.4,18.0,82,20,3.6
Coyhaique,CL,-45.5752,-72.0662,16.0,67,0,2.06
Kasba,IN,25.85,87.55,25.35,32,0,3.06
Bluff,NZ,-46.6,168.3333,12.1,82,68,6.02
Nikolskoye,RU,59.7035,30.7861,-15.93,85,75,1.0
Amga,RU,60.8953,131.9608,-23.64,87,100,0.49
Biak,ID,-0.9131,122.8766,29.61,64,86,0.37
Otane,NZ,-39.8833,176.6333,23.33,60,50,2.68
Caravelas,BR,-17.7125,-39.2481,22.12,94,100,0.85
Mayor Pablo Lagerenza,PY,-19.9309,-60.7718,21.48,55,94,1.27
Ginir,ET,7.1333,40.7,16.9,61,98,3.14
San Cristobal,VE,7.7669,-72.225,20.03,86,100,0.27
Mahébourg,MU,-20.4081,57.7,29.0,70,75,7.2
Taoudenni,ML,22.6783,-3.9836,13.36,34,0,3.87
Bredasdorp,ZA,-34.5322,20.0403,20.0,83,0,1.03
Zuwārah,LY,32.9312,12.082,15.46,38,0,8.26
Tuktoyaktuk,CA,69.4541,-133.0374,-42.0,66,1,2.57
Khatanga,RU,71.9667,102.5,-29.14,83,0,4.45
Flagstaff,US,35.1981,-111.6513,0.35,68,1,3.54
Itarema,BR,-2.9248,-39.9167,25.23,88,100,2.69
Sédhiou,SN,12.7081,-15.5569,20.0,49,0,2.91
Talnakh,RU,69.4865,88.3972,-19.08,91,86,1.02
Kashan,IR,33.9831,51.4364,15.0,33,46,0.77
Baykit,RU,61.67,96.37,-2.54,89,99,5.75
Bangassou,CF,4.7413,22.8184,17.53,28,78,1.5
East London,ZA,-33.0153,27.9116,23.0,68,0,1.03
Kodinsk,RU,58.6881,99.1844,0.36,95,100,4.19
Coffs Harbour,AU,-30.3,153.1333,22.3,57,90,6.69
Huilong,CN,31.8111,121.655,10.56,58,51,0.89
Chui,UY,-33.6971,-53.4616,17.57,93,60,1.15
Rio Grande,BR,-32.035,-52.0986,18.33,97,50,3.71
Paso de los Toros,UY,-32.8167,-56.5167,17.34,89,17,4.83
Hithadhoo,MV,-0.6,73.0833,27.87,80,100,5.34
Ciudad Bolivar,VE,8.1222,-63.5497,24.18,78,39,5.26
Samarai,PG,-10.6167,150.6667,29.82,69,100,3.16
Walvis Bay,NA,-22.9575,14.5053,18.67,82,3,3.09
Half Moon Bay,US,37.4636,-122.4286,10.42,93,75,4.12
City of San Pedro,PH,14.35,121.0167,25.69,89,90,2.06
Tashtyp,RU,52.7939,89.8983,-7.98,89,81,5.12
Souillac,MU,-20.5167,57.5167,29.0,70,75,7.2
Mel'nikovo,RU,56.5558,84.085,-15.6,72,100,6.26
Kudahuvadhoo,MV,2.6708,72.8944,28.05,74,100,8.75
Tessalit,ML,20.1986,1.0114,15.81,22,0,4.04
Sartell,US,45.6216,-94.2069,-22.41,70,1,2.06
Guerrero Negro,MX,27.9769,-114.0611,14.56,81,0,3.39
Goundi,TD,9.3627,17.366,24.96,17,100,2.22
Hervey Bay,AU,-25.2986,152.8535,25.56,64,3,4.47
College,US,64.8569,-147.8028,-28.76,62,1,4.12
Lata,PT,40.1629,-8.3327,11.29,94,100,3.58
Puerto Ayora,EC,-0.7393,-90.3518,25.0,96,73,1.15
Zhigansk,RU,66.7697,123.3711,-30.09,83,99,2.36
Sur,OM,22.5667,59.5289,25.89,41,100,7.71
Tasiilaq,GL,65.6145,-37.6368,-7.0,53,75,10.8
Nantucket,US,41.2835,-70.0995,-5.01,79,1,3.11
Port Hardy,CA,50.6996,-127.4199,-0.06,86,20,2.57
Urusha,RU,54.05,122.9,-9.12,94,0,1.72
Thompson,CA,55.7435,-97.8558,-29.0,69,90,4.12
Tiksi,RU,71.6872,128.8694,-28.93,88,38,2.56
Norden,DE,53.6,7.2,-2.83,65,100,4.92
Russell,US,32.3502,-85.1999,10.6,81,75,2.06
La Ronge,CA,55.1001,-105.2842,-29.0,69,100,4.12
Mahuva,IN,21.0914,71.7622,28.74,21,0,3.6
Mutare,ZW,-18.9707,32.6709,23.85,71,93,1.11
Krasnosel'kup,RU,65.7,82.4667,-18.2,91,100,6.57
Mindelo,CV,16.8901,-24.9804,20.0,64,20,11.32
Westport,US,41.1415,-73.3579,-7.67,63,1,1.44
Swellendam,ZA,-34.0226,20.4417,20.0,83,10,1.03
Kandalaksha,RU,67.162,32.4123,-16.14,92,57,1.65
Nhulunbuy,AU,-12.2333,136.7667,31.0,66,40,7.72
Saint Paul Harbor,US,57.79,-152.4072,-2.0,69,1,2.57
Græsted,DK,56.0656,12.2851,-4.03,82,100,3.13
Port Macquarie,AU,-31.4333,152.9167,23.6,63,49,0.45
Brigantine,US,39.4101,-74.3646,-1.46,93,1,4.51
Esperance,AU,-33.8667,121.9,25.0,44,0,6.17
Rome,US,43.2128,-75.4557,-8.81,67,90,3.09
Coolum Beach,AU,-26.5333,153.1,25.02,62,64,2.68
Mil'kovo,RU,54.7167,158.6167,-6.1,96,100,5.92
Cidreira,BR,-30.1811,-50.2056,22.34,80,0,6.69
Port Lincoln,AU,-34.7333,135.8667,24.31,48,71,3.21
Wanning,CN,18.8003,110.3967,23.47,84,100,5.51
Ellensburg,US,46.9965,-120.5479,-2.22,65,82,2.24
Port Alfred,ZA,-33.5906,26.891,23.89,77,0,1.44
Kloulklubed,PW,7.0419,134.2556,28.0,74,90,5.66
Makakilo City,US,21.3469,-158.0858,19.28,94,75,5.41
Lālmohan,BD,22.3384,90.7419,26.29,34,0,2.99
Necochea,AR,-38.5473,-58.7368,12.22,90,11,2.8
Kiryat Gat,IL,31.61,34.7642,17.11,48,0,2.57
Chimbote,PE,-9.0853,-78.5783,20.93,83,100,1.9
Severo-Kuril'sk,RU,50.6789,156.125,-5.28,89,100,6.84
Carnarvon,AU,-24.8667,113.6333,29.0,84,0,9.26
São Filipe,CV,14.8961,-24.4956,20.59,74,98,4.89
Tabuk,PH,17.4189,121.4443,21.99,89,100,4.02
Byron Bay,AU,-28.65,153.6167,24.22,57,90,7.72
Camopi,GF,3.1655,-52.3158,20.8,98,28,1.14
Caronport,CA,50.4501,-105.8179,-27.0,63,92,11.83
Ocampo,MX,21.65,-101.5,11.02,39,0,2.14
Mlonggo,ID,-6.5333,110.7,32.0,62,20,8.75
Kahului,US,20.8947,-156.47,20.22,68,1,2.57
Hua Hin,TH,12.5707,99.9588,31.0,70,20,7.2
Maryville,US,35.7565,-83.9705,1.68,87,1,1.52
Yulara,AU,-25.2406,130.9889,39.0,19,40,6.69
Bethanien,NA,-26.502,17.1583,27.31,21,0,1.22
Buala,SB,-8.145,159.5921,26.49,80,100,4.81
Ribeira Grande,PT,38.5167,-28.7,16.14,89,100,11.42
Beringen,BE,51.0507,5.2216,-7.88,79,90,2.06
Inta,RU,66.0317,60.1659,-30.11,87,99,0.95
Nanortalik,GL,60.1432,-45.2371,-1.72,91,96,5.51
Saint George,US,37.1041,-113.5841,9.24,31,1,2.06
Huarmey,PE,-10.0681,-78.1522,21.73,79,100,2.68
Vieux Fort,LC,13.7167,-60.95,26.0,73,40,7.72
Sungai Penuh,ID,-2.0833,101.3833,28.07,46,81,2.79
Irecê,BR,-11.3042,-41.8558,20.22,91,100,4.08
Arrondissement d'Ajaccio,FR,42.0,8.9167,11.0,87,75,7.2
Honningsvåg,NO,70.9821,25.9704,-4.0,80,75,2.57
Agadez,NE,19.75,10.25,19.11,21,100,3.74
Morón,AR,-34.6534,-58.6198,18.81,82,0,4.12
Burley,US,42.5357,-113.7928,-3.0,74,1,2.06
Corralillo,CU,22.9819,-80.5856,22.59,89,8,4.98
La Rioja,ES,42.25,-2.5,6.0,93,90,1.03
Margate,GB,51.3813,1.3862,-0.63,63,100,1.79
Kungurtug,RU,50.5994,97.5228,0.87,87,100,1.18
Santiago del Estero,AR,-27.7951,-64.2615,20.0,92,100,1.79
Airai,TL,-8.9266,125.4092,20.06,99,100,2.17
Gisborne,NZ,-38.6533,178.0042,22.22,66,100,1.79
Dhidhdhoo,MV,6.8833,73.1,27.88,61,22,1.09
Murray Bridge,AU,-35.1167,139.2667,28.16,32,3,4.38
Nelson Bay,AU,-32.7167,152.15,23.19,56,20,8.23
Erdenet,MN,49.0333,104.0833,-5.57,92,28,2.28
Portland,US,45.5234,-122.6762,2.44,75,75,0.61
Kavaratti,IN,10.5669,72.642,27.8,63,0,3.33
Sajanan,TN,37.0573,9.2426,12.06,67,40,4.12
Seoul,KR,37.5683,126.9778,4.65,26,0,4.63
Atambua,ID,-9.1061,124.8925,25.74,84,100,2.43
Luanda,AO,-8.8368,13.2343,27.0,74,20,2.06
Jinchang,CN,38.4953,102.1739,8.53,39,0,2.47
Paamiut,GL,61.994,-49.6678,1.04,81,94,4.89
Merauke,ID,-8.4667,140.3333,29.29,74,20,2.96
Hilo,US,19.7297,-155.09,20.02,73,90,1.07
Chernyshevskiy,RU,63.0128,112.4714,-23.12,92,100,2.07
Taltal,CL,-25.4,-70.4833,17.81,80,94,1.67
Fortuna,US,40.5982,-124.1573,6.86,100,90,1.16
Mount Gambier,AU,-37.8333,140.7667,23.0,49,2,7.72
Lazurne,UA,46.084,32.5295,2.0,100,90,5.0
Alice Springs,AU,-23.7,133.8833,33.8,52,81,5.66
Chokurdakh,RU,70.6333,147.9167,-25.06,86,4,4.77
Myitkyina,MM,25.3833,97.4,28.62,28,0,1.48
Torbay,CA,47.6666,-52.7314,-0.05,93,90,14.4
Lorengau,PG,-2.0226,147.2712,29.19,75,36,2.26
Upernavik,GL,72.7868,-56.1549,-9.68,79,0,2.48
Saskylakh,RU,71.9167,114.0833,-33.15,83,21,1.68
Malindi,KE,-3.2175,40.1191,28.0,69,75,7.2
Bairiki Village,KI,1.3292,172.9752,28.0,83,20,4.63
Pevek,RU,69.7008,170.3133,-18.84,70,77,1.86
Berlevåg,NO,70.8578,29.0864,-6.37,86,75,9.77
Henties Bay,NA,-22.116,14.2845,19.44,86,7,2.42
Lae,PG,-6.7221,146.9847,32.0,58,40,2.41
Salinas,US,36.6777,-121.6555,9.68,82,40,0.27
Ola,RU,59.5833,151.2833,-9.64,90,100,9.94
Port Elizabeth,ZA,-33.918,25.5701,24.0,60,0,1.03
Tuatapere,NZ,-46.1333,167.6833,11.15,89,92,4.0
Geraldton,AU,-28.7667,114.6,25.0,50,0,5.14
Saint-Philippe,RE,-21.3585,55.7679,28.22,58,0,8.75
Krasnovishersk,RU,60.4078,57.082,-25.58,87,100,3.48
Lagoa,PT,39.05,-27.9833,15.66,91,100,13.19
Adrar,MR,20.5022,-10.0711,12.54,38,0,3.94
Verāval,IN,20.9,70.3667,28.17,24,0,1.05
Gamba,GA,-2.65,10.0,25.25,86,100,0.28
Touros,BR,-5.1989,-35.4608,24.0,94,40,1.54
Prieska,ZA,-29.6641,22.7474,27.61,37,0,0.58
Kieta,PG,-6.2167,155.6333,28.28,78,100,2.25
Iskateley,RU,67.6803,53.1512,-23.06,90,100,4.98
Castro,BR,-24.7911,-50.0119,14.16,94,34,3.57
Keetmanshoop,NA,-26.5833,18.1333,27.0,21,0,3.09
Beringovskiy,RU,63.05,179.3167,-16.88,93,100,4.68
Ambunti,PG,-4.2365,142.8448,27.9,87,92,0.75
Hofn,IS,64.2539,-15.2082,0.6,89,100,4.35
Karwar,IN,14.8,74.1333,31.6,33,0,0.38
Belokurikha,RU,51.9959,84.9896,-9.24,90,41,1.29
Muroto-misakicho,JP,33.2833,134.15,10.0,43,20,5.14
Port-Gentil,GA,-0.7193,8.7815,27.0,94,75,2.38
Wenatchee,US,47.4235,-120.3103,-2.91,50,75,2.06
Tūkrah,LY,32.5341,20.5791,15.79,52,0,4.19
Truth or Consequences,US,33.1284,-107.2528,11.06,16,1,5.66
Vengerovo,RU,55.6848,76.7471,-18.63,91,100,6.65
Whitecourt,CA,54.1502,-115.6855,-30.0,42,1,7.2
Ayagoz,KZ,47.9714,80.4392,-11.33,92,100,8.78
Novo Aripuanã,BR,-5.1206,-60.3797,23.53,98,100,1.06
Gogrial,SS,8.5332,28.1004,24.67,19,86,3.61
Vostok,RU,46.4856,135.8833,-16.22,92,98,2.25
Venado Tuerto,AR,-33.7456,-61.9688,16.7,99,100,2.68
Lexington,US,37.9887,-84.4777,0.31,74,1,2.06
Ilo,PE,-17.6394,-71.3375,21.27,82,100,2.29
Baillif,GP,16.0202,-61.7463,22.0,88,75,1.03
Aripuanã,BR,-9.1667,-60.6333,22.2,98,100,0.01
Jagüey Grande,CU,22.5269,-81.1286,21.0,94,20,1.03
Ampanihy,MG,-24.7,44.75,28.35,63,100,2.52
Vestmannaeyjar,IS,63.4427,-20.2734,2.0,80,0,8.23
Vieques,PR,18.425,-65.8329,21.87,83,40,2.57
Harper,LR,4.375,-7.7169,25.31,86,1,1.8
Manado,ID,1.487,124.8455,29.0,74,40,1.54
Katsuura,JP,35.1333,140.3,8.75,21,20,5.66
Rafaela,AR,-31.2503,-61.4867,19.67,67,100,1.79
Sitka,US,57.0531,-135.33,-7.0,53,75,5.66
Itoman,JP,26.1247,127.6694,18.66,48,75,6.17
Cabedelo,BR,-6.9811,-34.8339,24.0,94,40,2.06
San Quintín,MX,30.4833,-115.95,12.81,88,6,0.31
Stonewall,CA,50.1344,-97.3268,-26.08,58,1,7.72
Sørland,NO,67.667,12.6934,1.0,100,40,9.26
San Policarpo,PH,12.1791,125.5072,24.93,91,100,8.79
Beloha,MG,-25.1667,45.05,30.59,53,99,0.78
Abong Mbang,CM,3.9833,13.1833,22.53,42,100,1.03
Vestmanna,FO,62.1564,-7.1664,-1.0,80,20,0.51
Punta Gorda,US,26.9298,-82.0454,18.58,94,90,1.05
Tahe,CN,52.3333,124.7333,-6.39,91,5,1.98
Mayo,US,38.8876,-76.5119,-0.51,75,20,3.6
Boende,CD,-0.2167,20.8667,26.82,46,100,0.58
Boffa,GN,10.1667,-14.0333,19.8,81,0,1.39
Srednekolymsk,RU,67.45,153.6833,-27.29,87,25,2.8
Hobyo,SO,5.3505,48.5268,27.02,62,100,11.03
Vila Velha,BR,-20.3297,-40.2925,22.66,94,90,1.54
Chapais,CA,49.7834,-74.8492,-25.0,84,1,2.57
Sayyan,YE,15.1718,44.3244,8.53,77,100,3.37
Port Moresby,PG,-9.4431,147.1797,32.0,62,40,5.14
La Santisima Trinidad,BO,-14.8333,-64.9,23.33,91,100,1.49
Northam,GB,51.0333,-4.2167,-1.49,81,100,2.24
Nemuro,JP,43.3236,145.575,-4.0,50,40,5.66
Banjar,ID,-8.19,114.9675,31.0,74,20,3.09
Basco,PH,20.4487,121.9702,22.38,75,9,13.14
Nālūt,LY,30.3333,10.85,10.88,43,0,3.63
Santa Isabel Rio Negro,BR,-0.4139,-65.0192,22.82,98,99,0.6
Lompoc,US,34.6391,-120.4579,10.09,82,90,1.54
Balotra,IN,25.8333,72.2333,29.35,14,99,3.96
Esim,GH,4.8699,-2.2405,26.42,85,3,1.93
Lusambo,CD,-4.9667,23.45,24.79,77,100,0.26
Fonte Boa,BR,-2.4959,-66.2662,23.04,96,100,0.66
Kysyl-Syr,RU,63.8986,122.7617,-27.9,85,100,0.39
Tubualá,PA,9.5167,-79.0333,20.69,88,40,1.03
Gaogou,CN,34.0175,119.1886,10.2,45,96,3.73
Nakamura,JP,32.9833,132.9333,9.38,50,0,3.42
Havre-St-Pierre,CA,50.2334,-63.5986,-8.0,67,40,7.2
Tignère,CM,7.3667,12.65,22.1,22,100,0.61
Vilela,PT,41.2251,-7.6034,10.64,9,100,3.58
Dandong,CN,40.1292,124.3947,1.62,80,0,3.81
Sfântu Gheorghe,RO,45.8667,25.7833,4.37,80,68,2.24
Uchiza,PE,-8.4592,-76.4633,22.46,80,100,0.35
Aklavik,CA,68.2191,-135.0107,-40.42,67,9,2.06
Saint Anthony,US,45.0205,-93.218,-22.87,71,1,2.06
Kemijärvi,FI,66.7131,27.4306,-16.12,93,6,1.26
Miepherkeim,TR,38.1419,41.0081,11.0,76,75,2.57
Padang,ID,-0.9492,100.3543,31.0,66,40,3.6
Gangāwati,IN,15.4333,76.5333,29.59,23,0,4.3
Laichow,CN,37.1717,119.9214,8.96,44,0,4.91
Kumul,CN,42.8,93.45,8.73,44,82,2.49
Daru,PG,-9.0763,143.2092,29.27,73,100,1.47
Buxton,GB,53.2574,-1.9098,-3.42,88,33,0.45
Porto-Novo,BJ,6.4965,2.6036,26.0,94,20,1.03
Cabañas,CU,22.9758,-82.9219,20.78,94,20,2.57
La Romana,DO,18.4273,-68.9728,26.0,69,75,6.69
West Wendover,US,40.7391,-114.0733,4.0,33,1,4.12
Lavumisa,SZ,-27.31,31.892,26.76,71,58,2.89
Portree,GB,57.4129,-6.1942,-4.44,83,0,1.34
Khartoum,SD,15.5518,32.5324,20.96,49,96,4.63
Briançon,FR,44.9,6.65,0.93,87,56,1.46
Kayerkan,RU,69.3497,87.7602,-19.93,92,82,2.02
Rincon,US,32.296,-81.2354,10.68,87,75,1.54
Homer,US,59.6425,-151.5483,-7.75,57,1,3.09
Tonekābon,IR,36.8163,50.8738,10.0,93,90,2.06
Chicama,PE,-7.8447,-79.1469,22.0,74,100,1.94
Sussex,US,41.1834,-74.6663,-9.36,79,40,0.69
Panino,RU,51.6467,40.1346,-13.0,72,90,7.0
Saint-Paul,RE,-21.0096,55.2707,23.91,90,7,1.34
Ferrol,ES,43.4832,-8.2369,11.12,76,100,1.79
Korla,CN,41.7597,86.1469,5.96,54,100,3.43
San Juan,AR,-31.5375,-68.5364,15.35,76,70,1.93
Hirara,JP,24.8,125.2833,20.41,68,75,5.66
Inuvik,CA,68.3499,-133.7218,-40.46,67,33,2.06
Marshall,US,34.3834,-86.3333,7.19,76,90,2.06
Zambezi,ZM,-13.5432,23.1047,21.78,86,79,4.34
Saint-Leu,RE,-21.15,55.2833,26.03,57,5,1.59
Kroya,ID,-7.6331,109.2461,28.93,73,100,3.45
Bandarbeyla,SO,9.4942,50.8122,25.77,59,72,11.29
Port Blair,IN,11.6667,92.75,27.59,64,11,5.99
Pangkalanbuun,ID,-2.6833,111.6167,31.28,65,100,2.25
Petawawa,CA,45.9001,-77.3328,-13.84,92,40,1.03
Oyama,JP,36.3,139.8,8.54,17,20,6.17
Najrān,SA,17.4924,44.1277,15.0,77,75,4.12
Pishin,PK,30.5803,66.9961,14.82,32,0,3.23
Puerto Madero,MX,14.7208,-92.4215,24.69,77,0,1.42
Kurtamysh,RU,54.9103,64.4319,-23.37,85,100,7.26
Igarapava,BR,-20.0383,-47.7469,16.92,93,0,1.18
Santa Catalina Norte,PH,13.8708,121.3575,26.67,81,100,4.02
Soyo,AO,-6.1349,12.3689,25.0,94,75,1.03
Hambantota,LK,6.1241,81.1185,31.0,62,20,8.75
Narganá,PA,9.4428,-78.5906,26.33,78,100,5.32
Kurush,RU,41.2841,47.8345,6.0,87,55,2.57
Makīnsk,KZ,52.6292,70.4169,-21.12,88,100,8.49
Bac Lieu,VN,9.285,105.7244,29.2,60,6,6.81
Deputatsky,RU,69.3,139.9,-27.62,89,100,0.63
Locri,IT,38.2414,16.2623,8.58,72,90,3.09
Andros Town,BS,24.7,-77.7667,23.0,94,20,2.57
Hede,CN,33.7681,120.2517,9.33,50,95,4.77
Pangnirtung,CA,66.1451,-65.7125,-13.97,76,0,0.35
Viedma,AR,-40.8135,-62.9967,11.11,87,0,3.59
Kiruna,SE,67.8557,20.2251,-18.0,85,0,1.54
Yugorsk,RU,61.3133,63.3319,-25.97,86,100,3.41
Marawi,PH,7.9986,124.2928,27.78,84,100,2.68
Warrington,GB,53.3925,-2.5802,-0.81,86,20,5.14
Honiara,SB,-9.4333,159.95,26.63,81,99,4.26
Batagay-Alyta,RU,67.8006,130.4114,-31.86,77,0,1.3
Vila Franca do Campo,PT,37.7167,-25.4333,15.29,100,75,7.2
Dodge City,US,37.7528,-100.0171,-13.03,85,90,3.6
Tazovsky,RU,67.4667,78.7,-23.5,90,96,3.86
Izumo,JP,35.3667,132.7667,7.0,57,75,7.72
Edmonton,CA,53.5501,-113.4687,-29.2,63,49,4.12
Pandan,PH,14.0453,124.1694,23.68,82,100,8.88
Gallup,US,35.5281,-108.7426,4.2,35,1,4.15
Dunedin,NZ,-45.8742,170.5036,12.22,91,98,1.34
Foam Lake,CA,51.65,-103.5343,-27.0,76,100,5.66
Calatayud,ES,41.3535,-1.6432,6.89,66,100,2.06
Antalaha,MG,-14.9003,50.2788,29.45,65,100,1.83
Arrifes,PT,37.7667,-25.7,15.29,100,75,7.2
Kavieng,PG,-2.5744,150.7967,29.3,73,31,3.95
Terney,RU,45.0503,136.6092,-8.41,82,92,4.52
Salalah,OM,17.0151,54.0924,28.0,39,20,4.63
Fairbanks,US,64.8378,-147.7164,-28.66,57,1,4.12
Husavik,IS,66.0449,-17.3389,-2.0,93,90,2.57
Ahipara,NZ,-35.1667,173.1667,20.4,85,91,4.59
Balikpapan,ID,-1.2675,116.8289,30.0,74,20,2.06
Tomatlán,MX,19.9333,-105.25,17.41,93,2,0.69
Constitución,CL,-35.3333,-72.4167,15.67,85,0,2.53
San Isidro,PE,-12.1167,-77.05,21.26,88,0,3.09
Gushikawa,JP,26.3544,127.8686,18.66,52,75,5.66
Virginia Beach,US,36.8529,-75.978,5.29,70,40,3.09
Leningradskiy,RU,69.3833,178.4167,-31.47,84,49,5.04
Vardø,NO,70.3705,31.1107,-8.5,79,40,6.69
Rawson,AR,-43.3002,-65.1023,17.5,61,16,10.59
Sangar,RU,63.9242,127.4739,-24.82,89,100,0.56
Klyuchi,RU,52.2667,79.1667,-17.9,88,100,8.56
Bestöbe,KZ,52.4994,73.0975,-18.71,89,100,10.44
Lüderitz,NA,-26.6481,15.1594,19.61,70,0,4.18
Bonfim,BR,3.0833,-59.95,24.32,74,0,4.86
Kutum,SD,14.2,24.6667,17.01,28,0,5.93
Nizhniy Kuranakh,RU,58.8353,125.4869,-11.59,94,100,0.36
Vasyshcheve,UA,49.8285,36.3269,-8.7,86,75,11.0
Capitão Poço,BR,-1.7464,-47.0594,22.62,98,97,0.88
Kidal,ML,18.4411,1.4078,19.38,23,97,4.17
Kattivākkam,IN,13.2167,80.3167,29.0,48,40,5.14
Alugan,PH,12.2188,125.4808,24.65,91,100,8.56
Kansanshi,ZM,-12.0951,26.4273,18.16,95,100,1.39
Belmonte,BR,-15.8631,-38.8828,22.0,94,75,2.06
Usinsk,RU,65.9939,57.5281,-26.12,86,100,3.5
Eyl,SO,7.9803,49.8164,26.54,56,70,10.36
Kumylzhenskaya,RU,49.8809,42.5898,-13.33,69,100,5.81
Suoyarvi,RU,62.0833,32.35,-17.95,93,0,1.28
Myskhako,RU,44.6714,37.7433,10.78,82,40,6.0
Emet,TR,39.343,29.2585,9.57,73,0,6.7
West Bay,KY,19.3667,-81.4167,24.97,92,57,0.45
Burgeo,CA,47.6167,-57.6152,-1.45,91,100,15.84
Dongying,CN,37.4564,118.4856,11.56,35,0,3.9
Qorveh,IR,35.1664,47.8045,10.07,45,75,2.73
Tingi,TZ,-11.3,35.0333,19.9,94,100,1.14
Sanaa,YE,15.3547,44.2067,10.9,66,100,3.68
Moundou,TD,8.5667,16.0833,18.0,34,0,0.72
Saldanha,ZA,-33.0117,17.9442,19.0,82,1,4.63
Lucapa,AO,-8.4192,20.7447,22.22,85,99,1.87
Bonthe,SL,7.5264,-12.505,24.08,89,53,1.29
Kirchen,DE,50.8,7.8833,-12.04,86,100,1.51
Ozinki,RU,51.1786,49.6769,-22.78,85,4,0.86
Minsk,BY,53.9,27.5667,-11.05,92,90,4.0
Valdivia,CL,-39.8142,-73.2459,12.0,100,0,1.03
Berdigestyakh,RU,62.0989,126.6992,-23.79,88,100,1.25
Shitanjing,CN,39.2342,106.3439,5.08,49,0,1.81
Vanimo,PG,-2.6741,141.3028,28.72,73,90,2.07
Bakchar,RU,57.0186,82.0711,-18.43,88,100,6.76
Yauya,PE,-8.9833,-77.3,10.4,77,100,0.01
Letlhakeng,BW,-24.0944,25.0298,23.77,66,0,5.88
Patrocínio,BR,-18.9439,-46.9925,15.63,88,1,2.06
Oodweyne,SO,9.4092,45.064,23.44,43,100,12.67
Kimbe,PG,-5.5502,150.1429,27.43,82,100,1.29
Launceston,AU,-41.45,147.1667,19.9,39,23,5.14
Prince Rupert,CA,54.3161,-130.3201,-3.69,93,90,1.54
Touho,NC,-20.7833,165.2333,27.07,78,25,6.53
Jingdezhen,CN,29.2947,117.2079,13.98,69,98,1.18
Khasan,RU,42.4308,130.6434,-4.1,89,91,2.52
Olafsvik,IS,64.8945,-23.7142,-0.19,94,85,9.25
Mercedes,AR,-34.6515,-59.4307,16.29,97,99,1.34
Picos,BR,-7.0769,-41.4669,22.14,93,100,1.21
Avera,US,33.194,-82.5271,10.14,86,75,2.06
Provideniya,RU,64.3833,-173.3,-18.27,82,79,5.94
Hoyerswerda,DE,51.4333,14.25,-11.49,86,69,0.69
Houma,US,29.5958,-90.7195,16.25,100,90,1.54
Ratnagiri,IN,16.9833,73.3,32.2,23,0,0.25
Ridgecrest,US,35.6225,-117.6709,10.96,23,75,1.8
Nurota,UZ,40.5614,65.6886,8.0,87,75,3.09
Māngrol,IN,21.1167,70.1167,28.36,22,3,1.39
Castaños,MX,26.7833,-101.4167,16.11,46,0,0.19
Puerto del Rosario,ES,28.5004,-13.8627,15.0,77,20,0.51
Pisco,PE,-13.7,-76.2167,21.86,88,20,1.54
Rocha,UY,-34.4833,-54.3333,17.74,93,60,3.41
Praia,CV,14.9215,-23.5087,20.0,73,20,9.26
Panlaitan,PH,12.1191,119.8486,27.92,70,68,1.93
Cayenne,GF,4.9333,-52.3333,25.0,83,20,3.09
Roebourne,AU,-20.7833,117.1333,31.38,51,67,8.54
Great Yarmouth,GB,52.6083,1.7305,-0.7,93,75,3.6
Ciudad Guayana,VE,8.3533,-62.6528,22.78,94,91,1.34
Lewistown,US,40.5992,-77.5714,-4.82,63,1,1.39
Tura,IN,25.5198,90.2201,26.8,23,0,2.21
Cabo San Lucas,MX,22.8909,-109.9124,16.11,74,0,3.39
Auki,SB,-8.7676,160.7034,26.11,85,100,5.16
Aykhal,RU,66.0,111.5,-25.86,87,45,2.5
Ixtapa,MX,20.7,-105.2,20.0,89,32,1.05
Douala,CM,4.0483,9.7043,26.0,100,40,0.51
Misratah,LY,32.3754,15.0925,15.56,39,0,7.32
Maniitsoq,GL,65.4167,-52.9,-4.8,83,0,2.83
Egvekinot,RU,66.3167,-179.1667,-24.59,81,84,4.7
São João da Barra,BR,-21.6403,-41.0511,21.75,92,100,3.89
Yumen,CN,40.2833,97.2,7.52,42,9,2.55
Benguela,AO,-12.5763,13.4055,26.09,69,25,1.65
Sanchursk,RU,56.9413,47.2499,-20.55,90,1,3.17
Mokhsogollokh,RU,61.4681,128.9203,-22.7,90,100,1.21
Faanui,PF,-16.4833,-151.75,27.72,73,0,6.16
Edd,ER,13.9297,41.6925,24.82,67,18,2.09
Bajil,YE,15.0584,43.2851,25.58,55,83,4.09
Lingao,CN,19.9103,109.6859,23.85,72,98,7.69
Zhicheng,CN,30.2956,111.5047,15.56,51,100,3.48
Baisha,CN,26.5222,110.9311,8.64,86,100,1.64
Marabu,MY,4.4148,114.0089,28.95,84,40,3.09
Colac,AU,-38.3333,143.5833,17.78,55,0,1.79
Kālol,IN,22.6,73.45,27.0,39,0,1.54
Eureka,US,40.8021,-124.1637,7.39,89,92,1.31
Oussouye,SN,12.485,-16.5469,20.51,60,0,4.12
Baker City,US,44.7749,-117.8344,-3.14,74,1,0.77
Agüimes,ES,27.9054,-15.4461,15.16,72,75,2.57
Puerto Maldonado,PE,-12.6,-69.1833,22.32,88,100,0.64
Pontian Kecil,MY,1.4801,103.3899,32.61,66,40,2.57
Constantine,DZ,36.365,6.6147,8.0,66,40,6.69
Minbu,MM,20.1833,94.8833,30.97,22,0,4.51
Bubaque,GW,11.2833,-15.8333,25.12,50,0,8.24
Ancud,CL,-41.8697,-73.8203,13.33,89,9,0.8
Dingle,PH,10.9995,122.6711,24.59,87,99,4.87
Kruisfontein,ZA,-34.0033,24.7314,23.89,59,0,0.89
Khani,GE,41.9563,42.9566,16.0,44,90,5.14
Ruwi,OM,23.5996,58.5507,25.0,61,40,5.66
Yicheng,CN,31.3705,119.8703,7.22,73,40,3.13
Tautira,PF,-17.7333,-149.15,25.27,83,20,1.54
Mayumba,GA,-3.432,10.6554,25.69,83,100,0.54
Jiuquan,CN,39.7432,98.5174,8.39,40,4,3.0
Back Mountain,US,41.3359,-75.9963,-8.08,81,100,0.45
Totskoye,RU,52.5248,52.7623,-23.78,89,73,4.0
Mórrope,PE,-6.5417,-80.0111,19.44,91,100,2.24
Khorinsk,RU,52.1657,109.7726,-8.77,92,99,0.33
Denpasar,ID,-8.65,115.2167,31.0,74,20,3.09
Yarmouth,US,41.7057,-70.2286,-5.85,86,40,2.42
Santa Fe,AR,-31.6333,-60.7,21.11,86,100,3.13
Philadelphia,US,39.9523,-75.1638,-4.39,63,20,1.72
Clonakilty,IE,51.6231,-8.8706,1.62,75,75,10.8
Belaya Gora,RU,68.5333,146.4167,-25.01,90,98,1.5
Coquimbo,CL,-29.9533,-71.3436,15.0,82,0,2.57
São Félix do Xingu,BR,-6.6447,-51.995,22.03,96,100,0.23
Thohoyandou,ZA,-22.9456,30.485,22.91,80,55,2.96
Plácido de Castro,BR,-10.3353,-67.1856,22.37,96,100,0.56
Terra Santa,BR,-2.1042,-56.4869,24.75,87,100,1.36
Tiznit Province,MA,29.5833,-9.5,10.82,86,28,0.51
Ucluelet,CA,48.9329,-125.5528,-1.22,94,14,2.78
Priiskovyy,RU,51.9333,116.6333,-9.37,93,86,0.65
Morehead,US,37.2711,-87.1764,0.57,74,75,1.54
Clarksburg,US,39.2807,-80.3445,-0.52,51,90,1.54
Santa Maria,BR,-29.6842,-53.8069,16.82,94,52,1.96
Kindu,CD,-2.95,25.95,26.83,62,100,0.76
Grand Gaube,MU,-20.0064,57.6608,29.44,69,1,4.02
Teahupoo,PF,-17.8333,-149.2667,25.27,83,20,1.54
Murdochville,CA,48.9583,-65.5006,-9.0,79,0,13.38
Nome,US,64.5011,-165.4064,-13.89,47,90,5.14
Joigny,FR,47.9829,3.401,-1.67,80,76,0.93
Brae,GB,60.3964,-1.353,-1.0,74,40,3.6
Moyale,KE,3.5167,39.0584,25.88,36,100,7.98
Pacific Grove,US,36.6177,-121.9166,9.76,87,20,2.06
Saurimo,AO,-9.6608,20.3916,21.58,86,100,2.66
Buraidah,SA,26.326,43.975,11.0,93,0,2.06
Makkah al Mukarramah,SA,21.4267,39.8261,25.43,26,0,1.49
Lisala,CD,2.15,21.5167,25.38,31,89,1.52
Buchanan,LR,5.8808,-10.0467,25.23,88,0,1.73
Barcelos,PT,41.5388,-8.6151,10.81,94,90,8.23
Cherskiy,RU,68.75,161.3,-13.4,85,37,4.1
Tahoua,NE,14.8888,5.2692,16.0,17,0,3.09
Neturhāt,IN,23.4833,84.2667,24.22,19,0,2.61
Kuusankoski,FI,60.907,26.6244,-15.33,85,90,0.51
Žlutice,CZ,50.0919,13.163,-11.06,92,90,0.51
DeLand,US,29.0283,-81.3031,18.54,100,90,0.96
Lavrentiya,RU,65.5833,-171.0,-20.26,85,99,5.1
Qui Nhon,VN,13.7667,109.2333,25.35,77,99,3.84
Roberval,CA,48.5168,-72.2324,-22.73,71,20,1.54
Kangaatsiaq,GL,68.3065,-53.4641,-9.47,85,0,2.91
Youhao,CN,47.8667,128.8333,-11.24,90,100,4.03
Basoko,CD,1.2391,23.616,25.97,40,100,1.64
Turtas,RU,58.9417,69.1325,-22.63,88,100,2.94
Lufilufi,WS,-13.8745,-171.5986,27.89,83,75,7.2
Ocean Springs,US,30.4113,-88.8278,13.92,100,90,3.6
Sibu,MY,2.3,111.8167,30.73,66,40,1.54
Chiredzi,ZW,-21.05,31.6667,26.19,72,89,2.52
Tarakan,ID,3.3,117.6333,31.0,74,20,2.57
Tual,ID,-5.6667,132.75,28.85,78,100,8.5
Inírida,CO,3.8653,-67.9239,23.51,94,100,0.77
Khovd,MN,48.0056,91.6419,2.45,63,52,2.59
Alta Floresta,BR,-9.8756,-56.0861,21.01,98,99,1.15
Capissayan Sur,PH,18.0509,121.8177,23.48,83,100,3.39
Longyearbyen,SJ,78.2186,15.6401,-13.0,72,0,4.63
Polunochnoye,RU,60.8697,60.4153,-25.0,84,100,2.39
Konakovo,RU,56.7,36.7667,-16.55,89,100,2.06
Carutapera,BR,-1.195,-46.02,25.59,85,100,2.77
Marang,MY,5.2056,103.2059,30.0,66,20,3.6
Payakumbuh,ID,-0.2202,100.6308,28.54,66,69,0.73
Arrondissement du Havre,FR,49.5833,0.3333,-4.35,80,75,5.14
Bonnyville,CA,54.2668,-110.735,-27.49,58,90,7.2
Bad Goisern am Hallstättersee,AT,47.6425,13.6161,-4.46,100,2,1.39
Vredendal,ZA,-31.6683,18.5012,23.9,57,0,1.0
Mae Sai,TH,20.4335,99.8762,21.86,60,40,4.63
Sakakah,SA,29.9697,40.2064,12.0,76,0,5.14
Onega,RU,63.9061,38.1404,-22.88,89,0,1.22
Orán,AR,-23.1322,-64.326,21.11,99,100,0.21
Collie,AU,-33.3667,116.15,22.22,47,15,5.36
Beira,MZ,-19.8436,34.8389,27.0,84,90,4.73
Kamloops,CA,50.6665,-120.3192,-14.83,34,1,0.99
Tumalaytay,PH,12.2758,123.232,25.82,81,100,4.33
Kollo,NE,13.3043,2.339,20.0,15,0,2.06
Aswān,EG,24.0934,32.907,21.81,33,13,4.63
Alyangula,AU,-13.8483,136.4192,32.0,62,100,3.6
Crabtree,CA,45.9668,-73.4659,-17.39,85,66,0.51
